1, 1, 1, 1647758773596, 1647759007809
2, 1, 2, 1647758773626, 1647759007839
3, 1, 3, 1647758773656, 1647759007871
3, 2, 4, 1647758773656, 1647759007871
3, 3, 5, 1647758773656, 1647759007871
3, 4, 6, 1647758773656, 1647759007871
3, 5, 7, 1647758773656, 1647759007871
3, 6, 8, 1647758773656, 1647759007871
3, 7, 9, 1647758773656, 1647759007871
3, 8, 10, 1647758773656, 1647759007871
3, 9, 11, 1647758773656, 1647759007871
3, 10, 12, 1647758773656, 1647759007871
3, 11, 13, 1647758773656, 1647759007871
3, 12, 14, 1647758773656, 1647759007871
3, 13, 15, 1647758773656, 1647759007871
3, 14, 16, 1647758773656, 1647759007871
3, 15, 17, 1647758773656, 1647759007871
3, 16, 18, 1647758773656, 1647759007871
3, 17, 19, 1647758773656, 1647759007871
3, 18, 20, 1647758773656, 1647759007872
3, 19, 21, 1647758773656, 1647759007872
3, 20, 22, 1647758773656, 1647759007872
3, 21, 23, 1647758773656, 1647759007872
3, 22, 24, 1647758773656, 1647759007872
3, 23, 25, 1647758773656, 1647759007872
3, 24, 26, 1647758773656, 1647759007872
3, 25, 27, 1647758773656, 1647759007872
3, 26, 28, 1647758773656, 1647759007872
3, 27, 29, 1647758773656, 1647759007872
3, 28, 30, 1647758773656, 1647759007872
3, 29, 31, 1647758773656, 1647759007872
3, 30, 32, 1647758773656, 1647759007872
3, 31, 33, 1647758773656, 1647759007872
3, 32, 34, 1647758773656, 1647759007872
3, 33, 35, 1647758773656, 1647759007872
3, 34, 36, 1647758773656, 1647759007872
3, 35, 37, 1647758773656, 1647759007872
3, 36, 38, 1647758773656, 1647759007872
3, 37, 39, 1647758773656, 1647759007872
3, 38, 40, 1647758773656, 1647759007872
3, 39, 41, 1647758773656, 1647759007872
3, 40, 42, 1647758773656, 1647759007872
3, 41, 43, 1647758773656, 1647759007872
3, 42, 44, 1647758773656, 1647759007872
3, 43, 45, 1647758773656, 1647759007872
3, 44, 46, 1647758773656, 1647759007872
3, 45, 47, 1647758773656, 1647759007872
3, 46, 48, 1647758773656, 1647759007872
3, 47, 49, 1647758773656, 1647759007872
3, 48, 50, 1647758773656, 1647759007872
3, 49, 51, 1647758773656, 1647759007872
3, 50, 52, 1647758773656, 1647759007872
3, 51, 53, 1647758773656, 1647759007872
3, 52, 54, 1647758773656, 1647759007872
3, 53, 55, 1647758773656, 1647759007872
3, 54, 56, 1647758773656, 1647759007872
3, 55, 57, 1647758773656, 1647759007872
3, 56, 58, 1647758773656, 1647759007872
3, 57, 59, 1647758773656, 1647759007872
3, 58, 60, 1647758773656, 1647759007872
3, 59, 61, 1647758773656, 1647759007872
3, 60, 62, 1647758773656, 1647759007872
3, 61, 63, 1647758773656, 1647759007872
3, 62, 64, 1647758773656, 1647759007872
3, 63, 65, 1647758773656, 1647759007872
3, 64, 66, 1647758773656, 1647759007872
3, 65, 67, 1647758773656, 1647759007873
3, 66, 68, 1647758773656, 1647759007873
3, 67, 69, 1647758773656, 1647759007873
3, 68, 70, 1647758773656, 1647759007873
3, 69, 71, 1647758773656, 1647759007873
3, 70, 72, 1647758773656, 1647759007873
3, 71, 73, 1647758773656, 1647759007873
3, 72, 74, 1647758773656, 1647759007873
3, 73, 75, 1647758773656, 1647759007873
3, 74, 76, 1647758773656, 1647759007873
3, 75, 77, 1647758773656, 1647759007873
3, 76, 78, 1647758773656, 1647759007873
3, 77, 79, 1647758773656, 1647759007873
3, 78, 80, 1647758773656, 1647759007873
3, 79, 81, 1647758773656, 1647759007873
3, 80, 82, 1647758773656, 1647759007873
3, 81, 83, 1647758773656, 1647759007873
3, 82, 84, 1647758773656, 1647759007873
3, 83, 85, 1647758773656, 1647759007873
3, 84, 86, 1647758773656, 1647759007873
3, 85, 87, 1647758773656, 1647759007873
3, 86, 88, 1647758773656, 1647759007873
3, 87, 89, 1647758773656, 1647759007873
3, 88, 90, 1647758773657, 1647759007873
3, 89, 91, 1647758773657, 1647759007873
3, 90, 92, 1647758773657, 1647759007873
3, 91, 93, 1647758773657, 1647759007873
3, 92, 94, 1647758773657, 1647759007873
3, 93, 95, 1647758773657, 1647759007873
3, 94, 96, 1647758773657, 1647759007873
3, 95, 97, 1647758773657, 1647759007873
3, 96, 98, 1647758773657, 1647759007873
3, 97, 99, 1647758773657, 1647759007873
3, 98, 100, 1647758773657, 1647759007873
3, 99, 101, 1647758773657, 1647759007873
3, 100, 102, 1647758773657, 1647759007873
3, 101, 103, 1647758773657, 1647759007873
3, 102, 104, 1647758773657, 1647759007873
3, 103, 105, 1647758773657, 1647759007873
3, 104, 106, 1647758773657, 1647759007873
3, 105, 107, 1647758773657, 1647759007873
3, 106, 108, 1647758773657, 1647759007873
3, 107, 109, 1647758773657, 1647759007873
3, 108, 110, 1647758773657, 1647759007873
3, 109, 111, 1647758773657, 1647759007873
3, 110, 112, 1647758773657, 1647759007873
3, 111, 113, 1647758773657, 1647759007873
3, 112, 114, 1647758773657, 1647759007873
3, 113, 115, 1647758773657, 1647759007873
3, 114, 116, 1647758773657, 1647759007873
3, 115, 117, 1647758773657, 1647759007873
3, 116, 118, 1647758773657, 1647759007874
3, 117, 119, 1647758773657, 1647759007874
3, 118, 120, 1647758773657, 1647759007874
3, 119, 121, 1647758773657, 1647759007874
3, 120, 122, 1647758773657, 1647759007874
3, 121, 123, 1647758773657, 1647759007874
3, 122, 124, 1647758773657, 1647759007874
3, 123, 125, 1647758773657, 1647759007874
3, 124, 126, 1647758773657, 1647759007874
3, 125, 127, 1647758773657, 1647759007874
3, 126, 128, 1647758773657, 1647759007874
3, 127, 129, 1647758773657, 1647759007874
3, 128, 130, 1647758773657, 1647759007874
3, 129, 131, 1647758773657, 1647759007881
3, 130, 132, 1647758773657, 1647759007881
3, 131, 133, 1647758773657, 1647759007881
3, 132, 134, 1647758773657, 1647759007881
3, 133, 135, 1647758773657, 1647759007881
3, 134, 136, 1647758773657, 1647759007881
3, 135, 137, 1647758773657, 1647759007881
3, 136, 138, 1647758773657, 1647759007881
3, 137, 139, 1647758773657, 1647759007881
3, 138, 140, 1647758773657, 1647759007881
3, 139, 141, 1647758773657, 1647759007881
3, 140, 142, 1647758773657, 1647759007881
3, 141, 143, 1647758773657, 1647759007881
3, 142, 144, 1647758773657, 1647759007881
3, 143, 145, 1647758773657, 1647759007881
3, 144, 146, 1647758773657, 1647759007881
3, 145, 147, 1647758773658, 1647759007881
3, 146, 148, 1647758773658, 1647759007881
3, 147, 149, 1647758773658, 1647759007881
3, 148, 150, 1647758773658, 1647759007881
3, 149, 151, 1647758773658, 1647759007881
3, 150, 152, 1647758773658, 1647759007881
3, 151, 153, 1647758773658, 1647759007881
3, 152, 154, 1647758773658, 1647759007881
3, 153, 155, 1647758773658, 1647759007881
3, 154, 156, 1647758773658, 1647759007881
3, 155, 157, 1647758773658, 1647759007881
3, 156, 158, 1647758773658, 1647759007881
3, 157, 159, 1647758773658, 1647759007881
3, 158, 160, 1647758773658, 1647759007881
3, 159, 161, 1647758773658, 1647759007881
3, 160, 162, 1647758773658, 1647759007881
3, 161, 163, 1647758773658, 1647759007881
3, 162, 164, 1647758773658, 1647759007881
3, 163, 165, 1647758773658, 1647759007881
3, 164, 166, 1647758773658, 1647759007881
4, 1, 175, 1647758773686, 1647759007902
4, 2, 176, 1647758773686, 1647759007902
4, 3, 177, 1647758773686, 1647759007902
4, 4, 178, 1647758773686, 1647759007902
4, 5, 179, 1647758773686, 1647759007902
4, 6, 180, 1647758773686, 1647759007902
4, 7, 181, 1647758773686, 1647759007902
4, 8, 182, 1647758773686, 1647759007902
4, 9, 183, 1647758773686, 1647759007902
4, 10, 184, 1647758773686, 1647759007902
4, 11, 185, 1647758773686, 1647759007902
4, 12, 186, 1647758773686, 1647759007902
4, 13, 187, 1647758773686, 1647759007902
4, 14, 188, 1647758773686, 1647759007902
4, 15, 189, 1647758773686, 1647759007902
4, 16, 190, 1647758773686, 1647759007902
4, 17, 191, 1647758773686, 1647759007902
4, 18, 192, 1647758773686, 1647759007903
4, 19, 193, 1647758773686, 1647759007903
4, 20, 194, 1647758773686, 1647759007903
4, 21, 195, 1647758773686, 1647759007903
4, 22, 196, 1647758773686, 1647759007903
4, 23, 197, 1647758773686, 1647759007903
4, 24, 198, 1647758773686, 1647759007903
4, 25, 199, 1647758773686, 1647759007903
4, 26, 200, 1647758773686, 1647759007903
4, 27, 201, 1647758773686, 1647759007903
4, 28, 202, 1647758773686, 1647759007903
4, 29, 203, 1647758773686, 1647759007903
4, 30, 204, 1647758773686, 1647759007903
4, 31, 205, 1647758773686, 1647759007903
4, 32, 206, 1647758773686, 1647759007903
4, 33, 207, 1647758773686, 1647759007903
4, 34, 208, 1647758773686, 1647759007903
4, 35, 209, 1647758773686, 1647759007912
4, 36, 210, 1647758773686, 1647759007912
4, 37, 211, 1647758773686, 1647759007912
4, 38, 212, 1647758773686, 1647759007912
4, 39, 213, 1647758773686, 1647759007912
4, 40, 214, 1647758773686, 1647759007912
5, 1, 251, 1647758773716, 1647759007931
5, 2, 252, 1647758773716, 1647759007931
5, 3, 253, 1647758773716, 1647759007931
5, 4, 254, 1647758773716, 1647759007931
5, 5, 255, 1647758773716, 1647759007931
5, 6, 256, 1647758773716, 1647759007931
5, 7, 257, 1647758773716, 1647759007931
5, 8, 258, 1647758773716, 1647759007931
5, 9, 259, 1647758773716, 1647759007931
5, 10, 260, 1647758773716, 1647759007931
5, 11, 261, 1647758773716, 1647759007931
5, 12, 262, 1647758773716, 1647759007931
5, 13, 263, 1647758773716, 1647759007931
5, 14, 264, 1647758773716, 1647759007931
5, 15, 265, 1647758773716, 1647759007931
5, 16, 266, 1647758773716, 1647759007931
5, 17, 267, 1647758773716, 1647759007931
5, 18, 268, 1647758773716, 1647759007931
5, 19, 269, 1647758773716, 1647759007931
5, 20, 270, 1647758773716, 1647759007931
5, 21, 271, 1647758773716, 1647759007931
5, 22, 272, 1647758773716, 1647759007931
5, 23, 273, 1647758773716, 1647759007931
5, 24, 274, 1647758773716, 1647759007931
5, 25, 275, 1647758773716, 1647759007931
5, 26, 276, 1647758773716, 1647759007931
5, 27, 277, 1647758773716, 1647759007931
5, 28, 278, 1647758773716, 1647759007931
5, 29, 279, 1647758773716, 1647759007931
5, 30, 280, 1647758773716, 1647759007931
5, 31, 281, 1647758773716, 1647759007931
5, 32, 282, 1647758773716, 1647759007931
5, 33, 283, 1647758773716, 1647759007931
5, 34, 284, 1647758773716, 1647759007931
5, 35, 285, 1647758773716, 1647759007931
5, 36, 286, 1647758773716, 1647759007931
5, 37, 287, 1647758773716, 1647759007931
5, 38, 288, 1647758773716, 1647759007931
5, 39, 289, 1647758773716, 1647759007931
5, 40, 290, 1647758773716, 1647759007931
6, 1, 315, 1647758773746, 1647759007959
6, 2, 316, 1647758773746, 1647759007959
6, 3, 317, 1647758773746, 1647759007959
6, 4, 318, 1647758773746, 1647759007959
6, 5, 319, 1647758773746, 1647759007959
6, 6, 320, 1647758773746, 1647759007959
6, 7, 321, 1647758773746, 1647759007959
6, 8, 322, 1647758773746, 1647759007959
6, 9, 323, 1647758773746, 1647759007959
6, 10, 324, 1647758773746, 1647759007959
6, 11, 325, 1647758773746, 1647759007959
6, 12, 326, 1647758773746, 1647759007959
6, 13, 327, 1647758773746, 1647759007959
6, 14, 328, 1647758773746, 1647759007959
6, 15, 329, 1647758773746, 1647759007959
6, 16, 330, 1647758773746, 1647759007959
6, 17, 331, 1647758773746, 1647759007959
6, 18, 332, 1647758773746, 1647759007959
6, 19, 333, 1647758773746, 1647759007959
7, 1, 334, 1647758773776, 1647759007989
7, 2, 335, 1647758773776, 1647759007989
7, 3, 336, 1647758773776, 1647759007989
7, 4, 337, 1647758773776, 1647759007989
7, 5, 338, 1647758773776, 1647759007989
7, 6, 339, 1647758773776, 1647759007989
7, 7, 340, 1647758773776, 1647759007989
7, 8, 341, 1647758773776, 1647759007989
7, 9, 342, 1647758773776, 1647759007989
7, 10, 343, 1647758773776, 1647759007989
7, 11, 344, 1647758773776, 1647759007989
7, 12, 345, 1647758773776, 1647759007989
8, 1, 346, 1647758773806, 1647759008023
8, 2, 347, 1647758773806, 1647759008023
8, 3, 348, 1647758773806, 1647759008023
8, 4, 349, 1647758773806, 1647759008023
8, 5, 350, 1647758773806, 1647759008023
8, 6, 351, 1647758773806, 1647759008023
8, 7, 352, 1647758773806, 1647759008023
8, 8, 353, 1647758773806, 1647759008023
8, 9, 354, 1647758773806, 1647759008023
8, 10, 355, 1647758773806, 1647759008023
8, 11, 356, 1647758773806, 1647759008023
8, 12, 357, 1647758773806, 1647759008023
8, 13, 358, 1647758773806, 1647759008023
8, 14, 359, 1647758773806, 1647759008023
8, 15, 360, 1647758773806, 1647759008023
8, 16, 361, 1647758773806, 1647759008023
8, 17, 362, 1647758773806, 1647759008023
8, 18, 363, 1647758773806, 1647759008023
8, 19, 364, 1647758773806, 1647759008023
8, 20, 365, 1647758773806, 1647759008023
8, 21, 366, 1647758773806, 1647759008023
8, 22, 367, 1647758773806, 1647759008024
8, 23, 368, 1647758773806, 1647759008024
8, 24, 369, 1647758773806, 1647759008024
8, 25, 370, 1647758773806, 1647759008024
8, 26, 371, 1647758773806, 1647759008024
8, 27, 372, 1647758773806, 1647759008024
8, 28, 373, 1647758773806, 1647759008024
8, 29, 374, 1647758773806, 1647759008024
8, 30, 375, 1647758773806, 1647759008024
8, 31, 376, 1647758773806, 1647759008024
8, 32, 377, 1647758773806, 1647759008024
8, 33, 378, 1647758773806, 1647759008024
8, 34, 379, 1647758773806, 1647759008024
8, 35, 380, 1647758773806, 1647759008024
8, 36, 381, 1647758773806, 1647759008024
8, 37, 382, 1647758773806, 1647759008024
8, 38, 383, 1647758773806, 1647759008024
8, 39, 384, 1647758773806, 1647759008024
8, 40, 385, 1647758773806, 1647759008024
8, 64, 409, 1647758773806, 1647759008024
8, 65, 410, 1647758773806, 1647759008024
8, 66, 411, 1647758773806, 1647759008024
8, 67, 412, 1647758773806, 1647759008024
8, 68, 413, 1647758773806, 1647759008024
8, 69, 414, 1647758773806, 1647759008024
8, 70, 415, 1647758773806, 1647759008024
8, 71, 416, 1647758773806, 1647759008024
8, 72, 417, 1647758773806, 1647759008024
8, 73, 418, 1647758773806, 1647759008024
8, 74, 419, 1647758773806, 1647759008024
8, 75, 420, 1647758773806, 1647759008024
8, 76, 421, 1647758773806, 1647759008024
8, 77, 422, 1647758773806, 1647759008024
8, 78, 423, 1647758773806, 1647759008024
8, 79, 424, 1647758773806, 1647759008024
8, 80, 425, 1647758773806, 1647759008024
8, 81, 426, 1647758773806, 1647759008024
8, 82, 427, 1647758773806, 1647759008024
8, 83, 428, 1647758773806, 1647759008024
8, 84, 429, 1647758773806, 1647759008024
8, 85, 430, 1647758773806, 1647759008024
8, 86, 431, 1647758773806, 1647759008024
8, 87, 432, 1647758773806, 1647759008024
8, 88, 433, 1647758773806, 1647759008024
8, 89, 434, 1647758773806, 1647759008024
8, 90, 435, 1647758773806, 1647759008024
8, 91, 436, 1647758773806, 1647759008024
8, 92, 437, 1647758773806, 1647759008024
8, 93, 438, 1647758773806, 1647759008024
8, 94, 439, 1647758773806, 1647759008026
8, 95, 440, 1647758773808, 1647759008026
8, 96, 441, 1647758773808, 1647759008026
8, 97, 442, 1647758773808, 1647759008026
8, 98, 443, 1647758773808, 1647759008026
8, 99, 444, 1647758773808, 1647759008026
8, 100, 445, 1647758773808, 1647759008027
8, 101, 446, 1647758773808, 1647759008027
8, 102, 447, 1647758773808, 1647759008027
8, 103, 448, 1647758773808, 1647759008027
8, 104, 449, 1647758773808, 1647759008027
8, 105, 450, 1647758773808, 1647759008027
8, 106, 451, 1647758773808, 1647759008027
8, 107, 452, 1647758773808, 1647759008027
8, 108, 453, 1647758773808, 1647759008027
8, 109, 454, 1647758773808, 1647759008027
8, 110, 455, 1647758773808, 1647759008027
8, 111, 456, 1647758773808, 1647759008027
8, 112, 457, 1647758773808, 1647759008027
8, 113, 458, 1647758773808, 1647759008027
8, 114, 459, 1647758773808, 1647759008027
8, 115, 460, 1647758773808, 1647759008027
8, 116, 461, 1647758773808, 1647759008028
8, 117, 462, 1647758773808, 1647759008028
8, 118, 463, 1647758773808, 1647759008028
8, 119, 464, 1647758773808, 1647759008028
8, 120, 465, 1647758773808, 1647759008028
8, 121, 466, 1647758773808, 1647759008028
8, 122, 467, 1647758773808, 1647759008028
8, 123, 468, 1647758773808, 1647759008028
8, 124, 469, 1647758773808, 1647759008028
8, 125, 470, 1647758773808, 1647759008028
8, 126, 471, 1647758773808, 1647759008028
8, 127, 472, 1647758773808, 1647759008028
8, 128, 473, 1647758773808, 1647759008028
8, 129, 474, 1647758773808, 1647759008028
8, 130, 475, 1647758773808, 1647759008028
8, 131, 476, 1647758773808, 1647759008028
8, 132, 477, 1647758773808, 1647759008028
8, 133, 478, 1647758773808, 1647759008028
8, 134, 479, 1647758773808, 1647759008029
8, 135, 480, 1647758773808, 1647759008029
8, 136, 481, 1647758773808, 1647759008029
8, 137, 482, 1647758773808, 1647759008029
8, 138, 483, 1647758773808, 1647759008029
8, 139, 484, 1647758773808, 1647759008029
8, 140, 485, 1647758773808, 1647759008029
8, 141, 486, 1647758773808, 1647759008029
8, 142, 487, 1647758773808, 1647759008029
8, 143, 488, 1647758773808, 1647759008029
8, 144, 489, 1647758773808, 1647759008029
8, 145, 490, 1647758773808, 1647759008029
8, 146, 491, 1647758773808, 1647759008029
8, 147, 492, 1647758773808, 1647759008029
8, 148, 493, 1647758773808, 1647759008029
8, 149, 494, 1647758773808, 1647759008029
8, 150, 495, 1647758773808, 1647759008029
8, 151, 496, 1647758773808, 1647759008029
8, 152, 497, 1647758773808, 1647759008029
8, 153, 498, 1647758773808, 1647759008030
8, 154, 499, 1647758773808, 1647759008030
8, 155, 500, 1647758773808, 1647759008030
8, 156, 501, 1647758773808, 1647759008033
8, 157, 502, 1647758773810, 1647759008033
8, 158, 503, 1647758773810, 1647759008033
8, 159, 504, 1647758773810, 1647759008033
8, 160, 505, 1647758773810, 1647759008033
8, 161, 506, 1647758773810, 1647759008033
8, 162, 507, 1647758773810, 1647759008033
8, 163, 508, 1647758773810, 1647759008033
8, 164, 509, 1647758773810, 1647759008033
8, 165, 510, 1647758773810, 1647759008033
9, 1, 511, 1647758773836, 1647759008049
9, 2, 512, 1647758773836, 1647759008049
10, 1, 513, 1647758773866, 1647759008079
10, 2, 514, 1647758773866, 1647759008079
10, 3, 515, 1647758773866, 1647759008079
10, 4, 516, 1647758773866, 1647759008079
10, 5, 517, 1647758773866, 1647759008079
10, 6, 518, 1647758773866, 1647759008079
10, 7, 519, 1647758773866, 1647759008079
10, 8, 520, 1647758773866, 1647759008079
10, 9, 521, 1647758773866, 1647759008079
10, 10, 522, 1647758773866, 1647759008079
10, 11, 523, 1647758773866, 1647759008079
10, 12, 524, 1647758773866, 1647759008079
10, 13, 525, 1647758773866, 1647759008079
10, 14, 526, 1647758773866, 1647759008079
10, 15, 527, 1647758773866, 1647759008079
10, 16, 528, 1647758773866, 1647759008079
10, 17, 529, 1647758773866, 1647759008079
10, 18, 530, 1647758773866, 1647759008079
10, 19, 531, 1647758773866, 1647759008079
10, 20, 532, 1647758773866, 1647759008079
10, 21, 533, 1647758773866, 1647759008079
10, 22, 534, 1647758773866, 1647759008079
10, 23, 535, 1647758773866, 1647759008079
10, 24, 536, 1647758773866, 1647759008080
10, 25, 537, 1647758773866, 1647759008080
10, 26, 538, 1647758773866, 1647759008080
10, 27, 539, 1647758773866, 1647759008080
10, 28, 540, 1647758773866, 1647759008080
10, 29, 541, 1647758773866, 1647759008080
10, 30, 542, 1647758773866, 1647759008080
10, 31, 543, 1647758773866, 1647759008080
10, 32, 544, 1647758773866, 1647759008080
10, 33, 545, 1647758773866, 1647759008080
10, 34, 546, 1647758773866, 1647759008080
10, 35, 547, 1647758773866, 1647759008080
10, 36, 548, 1647758773866, 1647759008080
10, 37, 549, 1647758773866, 1647759008080
10, 38, 550, 1647758773866, 1647759008080
10, 39, 551, 1647758773866, 1647759008080
10, 40, 552, 1647758773866, 1647759008080
10, 41, 553, 1647758773866, 1647759008080
10, 42, 554, 1647758773866, 1647759008080
10, 43, 555, 1647758773866, 1647759008080
10, 44, 556, 1647758773866, 1647759008080
10, 45, 557, 1647758773866, 1647759008080
10, 46, 558, 1647758773866, 1647759008080
10, 47, 559, 1647758773866, 1647759008080
10, 48, 560, 1647758773866, 1647759008080
10, 49, 561, 1647758773866, 1647759008080
10, 50, 562, 1647758773866, 1647759008080
10, 51, 563, 1647758773866, 1647759008080
10, 52, 564, 1647758773866, 1647759008080
10, 53, 565, 1647758773866, 1647759008080
10, 54, 566, 1647758773866, 1647759008080
10, 55, 567, 1647758773866, 1647759008081
10, 56, 568, 1647758773866, 1647759008081
10, 57, 569, 1647758773866, 1647759008081
10, 58, 570, 1647758773866, 1647759008081
10, 59, 571, 1647758773866, 1647759008081
10, 60, 572, 1647758773866, 1647759008081
10, 61, 573, 1647758773866, 1647759008081
10, 62, 574, 1647758773866, 1647759008081
10, 63, 575, 1647758773866, 1647759008081
10, 64, 576, 1647758773866, 1647759008081
10, 65, 577, 1647758773866, 1647759008081
10, 66, 578, 1647758773866, 1647759008081
10, 67, 579, 1647758773866, 1647759008081
10, 68, 580, 1647758773866, 1647759008081
10, 69, 581, 1647758773866, 1647759008081
10, 70, 582, 1647758773866, 1647759008083
10, 71, 583, 1647758773866, 1647759008083
10, 72, 584, 1647758773866, 1647759008083
10, 73, 585, 1647758773866, 1647759008083
10, 74, 586, 1647758773866, 1647759008083
10, 75, 587, 1647758773866, 1647759008083
10, 76, 588, 1647758773866, 1647759008083
10, 77, 589, 1647758773866, 1647759008083
10, 78, 590, 1647758773866, 1647759008083
10, 79, 591, 1647758773866, 1647759008083
10, 80, 592, 1647758773866, 1647759008083
10, 81, 593, 1647758773866, 1647759008083
10, 82, 594, 1647758773866, 1647759008083
10, 83, 595, 1647758773866, 1647759008083
10, 84, 596, 1647758773866, 1647759008083
10, 85, 597, 1647758773866, 1647759008083
10, 86, 598, 1647758773866, 1647759008083
10, 87, 599, 1647758773866, 1647759008083
10, 88, 600, 1647758773866, 1647759008083
10, 89, 601, 1647758773866, 1647759008083
10, 90, 602, 1647758773866, 1647759008083
10, 91, 603, 1647758773866, 1647759008083
10, 92, 604, 1647758773866, 1647759008083
10, 93, 605, 1647758773866, 1647759008083
10, 94, 606, 1647758773866, 1647759008083
10, 95, 607, 1647758773866, 1647759008083
10, 96, 608, 1647758773866, 1647759008083
10, 97, 609, 1647758773866, 1647759008083
10, 98, 610, 1647758773866, 1647759008083
10, 99, 611, 1647758773866, 1647759008083
10, 100, 612, 1647758773866, 1647759008083
10, 101, 613, 1647758773866, 1647759008083
10, 102, 614, 1647758773866, 1647759008083
10, 103, 615, 1647758773866, 1647759008083
10, 104, 616, 1647758773866, 1647759008083
10, 105, 617, 1647758773866, 1647759008083
10, 106, 618, 1647758773866, 1647759008083
10, 107, 619, 1647758773866, 1647759008083
10, 108, 620, 1647758773866, 1647759008083
10, 109, 621, 1647758773866, 1647759008083
11, 1, 635, 1647758773897, 1647759008111
11, 2, 636, 1647758773897, 1647759008111
11, 3, 637, 1647758773897, 1647759008111
11, 4, 638, 1647758773897, 1647759008111
11, 5, 639, 1647758773897, 1647759008111
11, 6, 640, 1647758773897, 1647759008111
11, 7, 641, 1647758773897, 1647759008111
11, 8, 642, 1647758773897, 1647759008111
11, 9, 643, 1647758773897, 1647759008111
11, 10, 644, 1647758773897, 1647759008111
11, 11, 645, 1647758773897, 1647759008111
11, 12, 646, 1647758773897, 1647759008111
11, 13, 647, 1647758773897, 1647759008112
11, 14, 648, 1647758773897, 1647759008112
11, 15, 649, 1647758773897, 1647759008112
11, 16, 650, 1647758773897, 1647759008112
11, 17, 651, 1647758773897, 1647759008112
11, 18, 652, 1647758773897, 1647759008112
11, 19, 653, 1647758773897, 1647759008112
11, 20, 654, 1647758773897, 1647759008112
11, 21, 655, 1647758773897, 1647759008112
11, 22, 656, 1647758773897, 1647759008112
11, 23, 657, 1647758773897, 1647759008112
11, 24, 658, 1647758773897, 1647759008112
11, 25, 659, 1647758773897, 1647759008112
11, 26, 660, 1647758773897, 1647759008112
11, 27, 661, 1647758773897, 1647759008112
11, 28, 662, 1647758773897, 1647759008113
11, 29, 663, 1647758773897, 1647759008113
11, 30, 664, 1647758773897, 1647759008113
11, 31, 665, 1647758773897, 1647759008113
11, 32, 666, 1647758773897, 1647759008113
11, 33, 667, 1647758773897, 1647759008113
11, 34, 668, 1647758773897, 1647759008113
11, 35, 669, 1647758773897, 1647759008113
11, 36, 670, 1647758773897, 1647759008113
11, 37, 671, 1647758773897, 1647759008113
11, 38, 672, 1647758773897, 1647759008113
11, 39, 673, 1647758773897, 1647759008113
11, 40, 674, 1647758773897, 1647759008113
11, 41, 675, 1647758773897, 1647759008113
11, 42, 676, 1647758773897, 1647759008113
11, 43, 677, 1647758773897, 1647759008114
11, 44, 678, 1647758773897, 1647759008114
11, 45, 679, 1647758773897, 1647759008114
11, 46, 680, 1647758773897, 1647759008114
11, 47, 681, 1647758773897, 1647759008114
11, 48, 682, 1647758773897, 1647759008114
11, 49, 683, 1647758773897, 1647759008114
11, 50, 684, 1647758773897, 1647759008114
11, 51, 685, 1647758773897, 1647759008114
11, 52, 686, 1647758773897, 1647759008114
11, 53, 687, 1647758773897, 1647759008114
11, 54, 688, 1647758773897, 1647759008114
11, 55, 689, 1647758773897, 1647759008114
11, 56, 690, 1647758773897, 1647759008114
11, 57, 691, 1647758773897, 1647759008114
11, 58, 692, 1647758773897, 1647759008114
11, 59, 693, 1647758773897, 1647759008114
11, 60, 694, 1647758773897, 1647759008114
11, 61, 695, 1647758773897, 1647759008114
11, 62, 696, 1647758773897, 1647759008114
11, 63, 697, 1647758773897, 1647759008114
11, 64, 698, 1647758773897, 1647759008114
11, 65, 699, 1647758773897, 1647759008114
11, 66, 700, 1647758773897, 1647759008114
11, 67, 701, 1647758773897, 1647759008114
11, 68, 702, 1647758773897, 1647759008114
11, 69, 703, 1647758773897, 1647759008114
11, 70, 704, 1647758773897, 1647759008115
11, 71, 705, 1647758773897, 1647759008115
11, 72, 706, 1647758773897, 1647759008115
11, 73, 707, 1647758773897, 1647759008115
11, 74, 708, 1647758773897, 1647759008115
11, 75, 709, 1647758773897, 1647759008115
11, 76, 710, 1647758773897, 1647759008115
11, 77, 711, 1647758773897, 1647759008115
11, 78, 712, 1647758773897, 1647759008115
11, 79, 713, 1647758773897, 1647759008115
11, 80, 714, 1647758773897, 1647759008115
11, 81, 715, 1647758773897, 1647759008115
11, 82, 716, 1647758773897, 1647759008115
11, 83, 717, 1647758773897, 1647759008115
11, 84, 718, 1647758773897, 1647759008115
11, 85, 719, 1647758773897, 1647759008115
11, 86, 720, 1647758773897, 1647759008115
11, 87, 721, 1647758773897, 1647759008115
11, 88, 722, 1647758773897, 1647759008115
11, 89, 723, 1647758773897, 1647759008115
11, 90, 724, 1647758773897, 1647759008115
11, 91, 725, 1647758773897, 1647759008115
11, 92, 726, 1647758773897, 1647759008115
11, 93, 727, 1647758773897, 1647759008116
11, 94, 728, 1647758773897, 1647759008118
11, 95, 729, 1647758773898, 1647759008118
11, 96, 730, 1647758773898, 1647759008118
11, 97, 731, 1647758773898, 1647759008118
11, 98, 732, 1647758773898, 1647759008118
11, 99, 733, 1647758773898, 1647759008118
11, 100, 734, 1647758773898, 1647759008118
11, 101, 735, 1647758773898, 1647759008118
11, 102, 736, 1647758773898, 1647759008118
11, 103, 737, 1647758773898, 1647759008118
12, 1, 738, 1647758773927, 1647759008140
12, 2, 739, 1647758773927, 1647759008140
12, 3, 740, 1647758773927, 1647759008140
12, 4, 741, 1647758773927, 1647759008140
12, 5, 742, 1647758773927, 1647759008140
12, 6, 743, 1647758773927, 1647759008141
12, 7, 744, 1647758773927, 1647759008141
12, 8, 745, 1647758773927, 1647759008141
12, 9, 746, 1647758773927, 1647759008141
12, 10, 747, 1647758773927, 1647759008141
12, 11, 748, 1647758773927, 1647759008141
12, 12, 749, 1647758773927, 1647759008141
12, 13, 750, 1647758773927, 1647759008141
12, 14, 751, 1647758773927, 1647759008141
12, 15, 752, 1647758773927, 1647759008141
12, 16, 753, 1647758773927, 1647759008141
12, 17, 754, 1647758773927, 1647759008141
12, 18, 755, 1647758773927, 1647759008141
12, 19, 756, 1647758773927, 1647759008141
12, 20, 757, 1647758773927, 1647759008141
12, 21, 758, 1647758773927, 1647759008141
12, 22, 759, 1647758773927, 1647759008141
12, 23, 760, 1647758773927, 1647759008141
12, 24, 761, 1647758773927, 1647759008141
12, 25, 762, 1647758773927, 1647759008141
12, 26, 763, 1647758773927, 1647759008141
12, 27, 764, 1647758773927, 1647759008141
12, 28, 765, 1647758773927, 1647759008141
12, 29, 766, 1647758773927, 1647759008141
12, 30, 767, 1647758773927, 1647759008141
12, 31, 768, 1647758773927, 1647759008141
12, 32, 769, 1647758773927, 1647759008141
12, 33, 770, 1647758773927, 1647759008141
12, 34, 771, 1647758773927, 1647759008141
12, 35, 772, 1647758773927, 1647759008141
12, 36, 773, 1647758773927, 1647759008141
12, 37, 774, 1647758773927, 1647759008141
12, 38, 775, 1647758773927, 1647759008141
12, 39, 776, 1647758773927, 1647759008141
12, 40, 777, 1647758773927, 1647759008141
12, 41, 778, 1647758773927, 1647759008141
12, 42, 779, 1647758773927, 1647759008141
12, 43, 780, 1647758773927, 1647759008141
12, 44, 781, 1647758773927, 1647759008141
12, 45, 782, 1647758773927, 1647759008141
12, 46, 783, 1647758773927, 1647759008141
12, 47, 784, 1647758773927, 1647759008141
12, 48, 785, 1647758773927, 1647759008141
12, 49, 786, 1647758773927, 1647759008141
12, 50, 787, 1647758773927, 1647759008141
12, 51, 788, 1647758773927, 1647759008141
12, 52, 789, 1647758773927, 1647759008141
12, 53, 790, 1647758773927, 1647759008141
12, 54, 791, 1647758773927, 1647759008141
12, 55, 792, 1647758773927, 1647759008141
12, 56, 793, 1647758773927, 1647759008141
12, 57, 794, 1647758773928, 1647759008141
12, 58, 795, 1647758773928, 1647759008141
12, 59, 796, 1647758773928, 1647759008141
12, 60, 797, 1647758773928, 1647759008141
12, 61, 798, 1647758773928, 1647759008141
12, 62, 799, 1647758773928, 1647759008141
12, 63, 800, 1647758773928, 1647759008141
12, 64, 801, 1647758773928, 1647759008141
12, 65, 802, 1647758773928, 1647759008141
12, 66, 803, 1647758773928, 1647759008142
12, 67, 804, 1647758773928, 1647759008142
12, 68, 805, 1647758773928, 1647759008142
12, 69, 806, 1647758773928, 1647759008142
12, 70, 807, 1647758773928, 1647759008142
12, 71, 808, 1647758773928, 1647759008142
12, 72, 809, 1647758773928, 1647759008142
12, 73, 810, 1647758773928, 1647759008142
12, 74, 811, 1647758773928, 1647759008142
12, 75, 812, 1647758773928, 1647759008142
12, 76, 813, 1647758773928, 1647759008142
12, 77, 814, 1647758773928, 1647759008142
12, 78, 815, 1647758773928, 1647759008142
12, 79, 816, 1647758773928, 1647759008142
12, 80, 817, 1647758773928, 1647759008142
12, 81, 818, 1647758773928, 1647759008142
12, 82, 819, 1647758773928, 1647759008142
12, 83, 820, 1647758773928, 1647759008142
12, 84, 821, 1647758773928, 1647759008142
12, 85, 822, 1647758773928, 1647759008142
12, 86, 823, 1647758773928, 1647759008142
12, 87, 824, 1647758773928, 1647759008142
12, 88, 825, 1647758773928, 1647759008142
12, 89, 826, 1647758773928, 1647759008142
12, 90, 827, 1647758773928, 1647759008142
12, 91, 828, 1647758773928, 1647759008142
12, 92, 829, 1647758773928, 1647759008142
12, 93, 830, 1647758773928, 1647759008142
12, 94, 831, 1647758773928, 1647759008142
12, 95, 832, 1647758773928, 1647759008142
12, 96, 833, 1647758773928, 1647759008142
12, 97, 834, 1647758773928, 1647759008142
12, 98, 835, 1647758773928, 1647759008143
12, 99, 836, 1647758773928, 1647759008144
12, 100, 837, 1647758773928, 1647759008144
12, 101, 838, 1647758773928, 1647759008144
12, 102, 839, 1647758773928, 1647759008144
12, 103, 840, 1647758773928, 1647759008144
12, 104, 841, 1647758773928, 1647759008144
12, 105, 842, 1647758773928, 1647759008144
12, 106, 843, 1647758773928, 1647759008144
12, 107, 844, 1647758773928, 1647759008144
13, 1, 845, 1647758773957, 1647759008172
13, 2, 846, 1647758773957, 1647759008172
13, 3, 847, 1647758773957, 1647759008172
13, 4, 848, 1647758773957, 1647759008172
13, 5, 849, 1647758773957, 1647759008172
13, 6, 850, 1647758773957, 1647759008172
13, 7, 851, 1647758773957, 1647759008172
13, 8, 852, 1647758773957, 1647759008172
13, 9, 853, 1647758773957, 1647759008172
13, 10, 854, 1647758773957, 1647759008172
13, 11, 855, 1647758773957, 1647759008172
13, 12, 856, 1647758773957, 1647759008172
13, 13, 857, 1647758773957, 1647759008172
13, 14, 858, 1647758773957, 1647759008172
13, 15, 859, 1647758773957, 1647759008172
13, 16, 860, 1647758773957, 1647759008172
13, 17, 861, 1647758773957, 1647759008172
13, 18, 862, 1647758773957, 1647759008173
13, 19, 863, 1647758773957, 1647759008173
13, 20, 864, 1647758773957, 1647759008173
13, 21, 865, 1647758773957, 1647759008173
13, 22, 866, 1647758773957, 1647759008173
13, 23, 867, 1647758773957, 1647759008173
13, 24, 868, 1647758773957, 1647759008173
13, 25, 869, 1647758773957, 1647759008173
13, 26, 870, 1647758773957, 1647759008173
13, 27, 871, 1647758773957, 1647759008173
13, 28, 872, 1647758773957, 1647759008173
13, 29, 873, 1647758773957, 1647759008173
13, 30, 874, 1647758773957, 1647759008173
13, 31, 875, 1647758773957, 1647759008173
13, 32, 876, 1647758773957, 1647759008173
13, 33, 877, 1647758773957, 1647759008173
13, 34, 878, 1647758773957, 1647759008173
13, 35, 879, 1647758773957, 1647759008173
13, 36, 880, 1647758773957, 1647759008173
13, 37, 881, 1647758773957, 1647759008173
13, 38, 882, 1647758773957, 1647759008173
13, 39, 883, 1647758773957, 1647759008173
13, 40, 884, 1647758773957, 1647759008173
13, 41, 885, 1647758773957, 1647759008173
13, 42, 886, 1647758773957, 1647759008173
13, 43, 887, 1647758773957, 1647759008173
13, 44, 888, 1647758773957, 1647759008173
13, 45, 889, 1647758773957, 1647759008173
13, 46, 890, 1647758773957, 1647759008173
13, 47, 891, 1647758773957, 1647759008173
13, 48, 892, 1647758773957, 1647759008173
13, 49, 893, 1647758773957, 1647759008173
13, 50, 894, 1647758773957, 1647759008173
13, 51, 895, 1647758773957, 1647759008173
13, 52, 896, 1647758773957, 1647759008173
13, 53, 897, 1647758773957, 1647759008173
13, 54, 898, 1647758773957, 1647759008173
13, 55, 899, 1647758773957, 1647759008173
13, 56, 900, 1647758773957, 1647759008173
13, 57, 901, 1647758773957, 1647759008173
13, 58, 902, 1647758773957, 1647759008173
13, 59, 903, 1647758773957, 1647759008173
13, 60, 904, 1647758773957, 1647759008173
13, 61, 905, 1647758773957, 1647759008173
13, 62, 906, 1647758773957, 1647759008173
13, 63, 907, 1647758773957, 1647759008173
13, 64, 908, 1647758773957, 1647759008173
13, 65, 909, 1647758773957, 1647759008173
13, 66, 910, 1647758773957, 1647759008173
13, 67, 911, 1647758773957, 1647759008174
13, 68, 912, 1647758773957, 1647759008174
13, 69, 913, 1647758773957, 1647759008175
13, 70, 914, 1647758773957, 1647759008175
13, 71, 915, 1647758773957, 1647759008175
13, 72, 916, 1647758773957, 1647759008175
13, 73, 917, 1647758773957, 1647759008175
13, 74, 918, 1647758773957, 1647759008175
13, 75, 919, 1647758773957, 1647759008175
13, 76, 920, 1647758773957, 1647759008175
13, 77, 921, 1647758773957, 1647759008175
13, 78, 922, 1647758773957, 1647759008175
13, 79, 923, 1647758773957, 1647759008175
13, 80, 924, 1647758773957, 1647759008175
13, 81, 925, 1647758773957, 1647759008175
13, 82, 926, 1647758773957, 1647759008175
13, 83, 927, 1647758773957, 1647759008175
13, 84, 928, 1647758773957, 1647759008175
13, 85, 929, 1647758773957, 1647759008175
13, 86, 930, 1647758773957, 1647759008175
13, 87, 931, 1647758773957, 1647759008175
13, 88, 932, 1647758773957, 1647759008175
13, 89, 933, 1647758773957, 1647759008175
13, 90, 934, 1647758773957, 1647759008175
13, 91, 935, 1647758773957, 1647759008175
13, 92, 936, 1647758773957, 1647759008175
13, 93, 937, 1647758773957, 1647759008175
13, 94, 938, 1647758773957, 1647759008176
13, 95, 939, 1647758773958, 1647759008176
13, 96, 940, 1647758773958, 1647759008176
13, 97, 941, 1647758773958, 1647759008176
13, 98, 942, 1647758773958, 1647759008176
13, 99, 943, 1647758773958, 1647759008176
13, 100, 944, 1647758773958, 1647759008176
13, 101, 945, 1647758773958, 1647759008176
13, 102, 946, 1647758773958, 1647759008176
13, 103, 947, 1647758773958, 1647759008176
13, 104, 948, 1647758773958, 1647759008176
13, 105, 949, 1647758773958, 1647759008176
13, 106, 950, 1647758773958, 1647759008176
13, 107, 951, 1647758773958, 1647759008176
13, 108, 952, 1647758773958, 1647759008176
13, 109, 953, 1647758773958, 1647759008176
13, 110, 954, 1647758773958, 1647759008176
13, 111, 955, 1647758773958, 1647759008176
13, 112, 956, 1647758773958, 1647759008176
13, 113, 957, 1647758773958, 1647759008176
13, 114, 958, 1647758773958, 1647759008176
13, 115, 959, 1647758773958, 1647759008176
13, 116, 960, 1647758773958, 1647759008176
13, 117, 961, 1647758773958, 1647759008176
13, 118, 962, 1647758773958, 1647759008176
13, 119, 963, 1647758773958, 1647759008176
13, 120, 964, 1647758773958, 1647759008177
14, 1, 965, 1647758773987, 1647759008201
14, 2, 966, 1647758773988, 1647759008201
14, 3, 967, 1647758773988, 1647759008201
14, 4, 968, 1647758773988, 1647759008201
14, 5, 969, 1647758773988, 1647759008201
14, 6, 970, 1647758773988, 1647759008201
14, 7, 971, 1647758773988, 1647759008201
14, 8, 972, 1647758773988, 1647759008201
14, 9, 973, 1647758773988, 1647759008201
14, 10, 974, 1647758773988, 1647759008201
14, 11, 975, 1647758773988, 1647759008201
14, 12, 976, 1647758773988, 1647759008201
14, 13, 977, 1647758773988, 1647759008201
14, 14, 978, 1647758773988, 1647759008201
14, 15, 979, 1647758773988, 1647759008201
14, 16, 980, 1647758773988, 1647759008201
14, 17, 981, 1647758773988, 1647759008201
14, 18, 982, 1647758773988, 1647759008201
14, 19, 983, 1647758773988, 1647759008201
14, 20, 984, 1647758773988, 1647759008201
14, 21, 985, 1647758773988, 1647759008202
14, 22, 986, 1647758773988, 1647759008202
14, 23, 987, 1647758773988, 1647759008202
14, 24, 988, 1647758773988, 1647759008202
14, 25, 989, 1647758773988, 1647759008202
14, 26, 990, 1647758773988, 1647759008202
14, 27, 991, 1647758773988, 1647759008202
14, 28, 992, 1647758773988, 1647759008202
14, 29, 993, 1647758773988, 1647759008202
14, 30, 994, 1647758773988, 1647759008202
14, 31, 995, 1647758773988, 1647759008202
14, 32, 996, 1647758773988, 1647759008202
14, 33, 997, 1647758773988, 1647759008202
14, 34, 998, 1647758773988, 1647759008202
14, 35, 999, 1647758773988, 1647759008202
14, 36, 1000, 1647758773988, 1647759008202
14, 37, 1001, 1647758773988, 1647759008202
14, 38, 1002, 1647758773988, 1647759008202
14, 39, 1003, 1647758773988, 1647759008202
14, 40, 1004, 1647758773988, 1647759008202
14, 41, 1005, 1647758773988, 1647759008202
14, 42, 1006, 1647758773988, 1647759008202
14, 43, 1007, 1647758773988, 1647759008202
14, 44, 1008, 1647758773988, 1647759008202
14, 45, 1009, 1647758773988, 1647759008202
14, 46, 1010, 1647758773988, 1647759008202
14, 47, 1011, 1647758773988, 1647759008202
14, 48, 1012, 1647758773988, 1647759008202
14, 49, 1013, 1647758773988, 1647759008203
14, 50, 1014, 1647758773988, 1647759008203
14, 51, 1015, 1647758773988, 1647759008203
14, 52, 1016, 1647758773988, 1647759008203
14, 53, 1017, 1647758773988, 1647759008203
14, 54, 1018, 1647758773988, 1647759008203
14, 55, 1019, 1647758773988, 1647759008203
14, 56, 1020, 1647758773988, 1647759008203
14, 57, 1021, 1647758773988, 1647759008203
14, 58, 1022, 1647758773988, 1647759008203
14, 59, 1023, 1647758773988, 1647759008203
14, 60, 1024, 1647758773988, 1647759008203
14, 61, 1025, 1647758773988, 1647759008204
14, 62, 1026, 1647758773988, 1647759008204
14, 63, 1027, 1647758773988, 1647759008204
14, 64, 1028, 1647758773988, 1647759008204
14, 65, 1029, 1647758773988, 1647759008204
14, 66, 1030, 1647758773988, 1647759008204
14, 67, 1031, 1647758773988, 1647759008204
14, 68, 1032, 1647758773988, 1647759008204
14, 69, 1033, 1647758773988, 1647759008204
14, 70, 1034, 1647758773988, 1647759008204
14, 71, 1035, 1647758773988, 1647759008204
14, 72, 1036, 1647758773988, 1647759008204
14, 73, 1037, 1647758773988, 1647759008204
14, 74, 1038, 1647758773988, 1647759008204
14, 75, 1039, 1647758773988, 1647759008204
14, 76, 1040, 1647758773988, 1647759008204
14, 77, 1041, 1647758773988, 1647759008204
14, 78, 1042, 1647758773988, 1647759008205
14, 79, 1043, 1647758773988, 1647759008205
14, 80, 1044, 1647758773988, 1647759008205
14, 81, 1045, 1647758773988, 1647759008205
14, 82, 1046, 1647758773988, 1647759008205
14, 83, 1047, 1647758773988, 1647759008205
14, 84, 1048, 1647758773988, 1647759008205
14, 85, 1049, 1647758773988, 1647759008205
14, 86, 1050, 1647758773988, 1647759008205
14, 87, 1051, 1647758773988, 1647759008205
14, 88, 1052, 1647758773988, 1647759008205
14, 89, 1053, 1647758773988, 1647759008205
14, 90, 1054, 1647758773988, 1647759008205
14, 91, 1055, 1647758773988, 1647759008205
14, 92, 1056, 1647758773988, 1647759008205
14, 93, 1057, 1647758773988, 1647759008205
14, 94, 1058, 1647758773988, 1647759008205
14, 95, 1059, 1647758773988, 1647759008205
14, 96, 1060, 1647758773988, 1647759008205
14, 97, 1061, 1647758773988, 1647759008205
14, 98, 1062, 1647758773988, 1647759008205
14, 99, 1063, 1647758773988, 1647759008205
14, 100, 1064, 1647758773988, 1647759008205
14, 101, 1065, 1647758773988, 1647759008205
14, 102, 1066, 1647758773988, 1647759008205
14, 103, 1067, 1647758773988, 1647759008205
14, 104, 1068, 1647758773988, 1647759008205
14, 105, 1069, 1647758773988, 1647759008205
14, 106, 1070, 1647758773988, 1647759008205
14, 107, 1071, 1647758773988, 1647759008205
14, 108, 1072, 1647758773988, 1647759008205
15, 1, 1073, 1647758774017, 1647759008232
15, 2, 1074, 1647758774017, 1647759008232
15, 3, 1075, 1647758774017, 1647759008232
15, 4, 1076, 1647758774017, 1647759008232
15, 5, 1077, 1647758774017, 1647759008232
15, 6, 1078, 1647758774017, 1647759008232
15, 7, 1079, 1647758774017, 1647759008232
15, 8, 1080, 1647758774017, 1647759008232
15, 9, 1081, 1647758774017, 1647759008232
15, 10, 1082, 1647758774017, 1647759008232
15, 11, 1083, 1647758774017, 1647759008232
15, 12, 1084, 1647758774017, 1647759008232
15, 13, 1085, 1647758774017, 1647759008232
15, 14, 1086, 1647758774017, 1647759008232
15, 15, 1087, 1647758774017, 1647759008232
15, 16, 1088, 1647758774017, 1647759008232
15, 17, 1089, 1647758774017, 1647759008232
15, 18, 1090, 1647758774017, 1647759008232
15, 19, 1091, 1647758774017, 1647759008232
15, 20, 1092, 1647758774017, 1647759008232
15, 21, 1093, 1647758774017, 1647759008232
15, 22, 1094, 1647758774017, 1647759008232
15, 23, 1095, 1647758774017, 1647759008232
15, 24, 1096, 1647758774017, 1647759008232
15, 25, 1097, 1647758774017, 1647759008232
15, 26, 1098, 1647758774017, 1647759008232
15, 27, 1099, 1647758774017, 1647759008232
15, 28, 1100, 1647758774017, 1647759008232
15, 29, 1101, 1647758774017, 1647759008232
15, 30, 1102, 1647758774017, 1647759008233
15, 31, 1103, 1647758774017, 1647759008233
15, 32, 1104, 1647758774017, 1647759008233
15, 33, 1105, 1647758774017, 1647759008233
15, 34, 1106, 1647758774017, 1647759008233
15, 35, 1107, 1647758774017, 1647759008233
15, 36, 1108, 1647758774017, 1647759008233
15, 37, 1109, 1647758774017, 1647759008233
15, 38, 1110, 1647758774017, 1647759008233
15, 39, 1111, 1647758774017, 1647759008233
15, 40, 1112, 1647758774017, 1647759008233
15, 41, 1113, 1647758774017, 1647759008233
15, 42, 1114, 1647758774017, 1647759008233
15, 43, 1115, 1647758774017, 1647759008233
15, 44, 1116, 1647758774017, 1647759008233
15, 45, 1117, 1647758774017, 1647759008233
15, 46, 1118, 1647758774017, 1647759008233
15, 47, 1119, 1647758774017, 1647759008233
15, 48, 1120, 1647758774017, 1647759008233
15, 49, 1121, 1647758774017, 1647759008233
15, 50, 1122, 1647758774017, 1647759008233
15, 51, 1123, 1647758774017, 1647759008233
15, 52, 1124, 1647758774017, 1647759008233
15, 53, 1125, 1647758774017, 1647759008233
15, 54, 1126, 1647758774017, 1647759008233
15, 55, 1127, 1647758774017, 1647759008233
15, 56, 1128, 1647758774017, 1647759008233
15, 57, 1129, 1647758774017, 1647759008233
15, 58, 1130, 1647758774017, 1647759008233
15, 59, 1131, 1647758774017, 1647759008233
15, 60, 1132, 1647758774017, 1647759008233
15, 61, 1133, 1647758774017, 1647759008233
15, 62, 1134, 1647758774017, 1647759008233
15, 63, 1135, 1647758774017, 1647759008233
15, 64, 1136, 1647758774017, 1647759008233
15, 65, 1137, 1647758774017, 1647759008233
15, 66, 1138, 1647758774017, 1647759008233
15, 67, 1139, 1647758774017, 1647759008233
15, 68, 1140, 1647758774017, 1647759008233
15, 69, 1141, 1647758774017, 1647759008233
15, 70, 1142, 1647758774017, 1647759008233
15, 71, 1143, 1647758774017, 1647759008233
15, 72, 1144, 1647758774017, 1647759008233
15, 73, 1145, 1647758774017, 1647759008233
15, 74, 1146, 1647758774017, 1647759008233
15, 75, 1147, 1647758774017, 1647759008233
15, 76, 1148, 1647758774017, 1647759008233
15, 77, 1149, 1647758774017, 1647759008233
15, 78, 1150, 1647758774017, 1647759008234
15, 79, 1151, 1647758774017, 1647759008234
15, 80, 1152, 1647758774017, 1647759008234
15, 81, 1153, 1647758774017, 1647759008234
15, 82, 1154, 1647758774017, 1647759008234
15, 83, 1155, 1647758774017, 1647759008234
15, 84, 1156, 1647758774017, 1647759008234
15, 85, 1157, 1647758774017, 1647759008234
15, 86, 1158, 1647758774017, 1647759008234
15, 87, 1159, 1647758774017, 1647759008234
15, 88, 1160, 1647758774017, 1647759008234
15, 89, 1161, 1647758774017, 1647759008234
15, 90, 1162, 1647758774017, 1647759008234
15, 91, 1163, 1647758774017, 1647759008234
15, 92, 1164, 1647758774017, 1647759008234
15, 93, 1165, 1647758774017, 1647759008234
15, 94, 1166, 1647758774017, 1647759008234
15, 95, 1167, 1647758774018, 1647759008234
15, 96, 1168, 1647758774018, 1647759008234
15, 97, 1169, 1647758774018, 1647759008234
15, 98, 1170, 1647758774018, 1647759008234
15, 99, 1171, 1647758774018, 1647759008234
15, 100, 1172, 1647758774018, 1647759008234
15, 101, 1173, 1647758774018, 1647759008234
15, 102, 1174, 1647758774018, 1647759008234
15, 103, 1175, 1647758774018, 1647759008234
15, 104, 1176, 1647758774018, 1647759008234
15, 105, 1177, 1647758774018, 1647759008234
15, 106, 1178, 1647758774018, 1647759008235
15, 107, 1179, 1647758774018, 1647759008236
15, 108, 1180, 1647758774018, 1647759008236
15, 109, 1181, 1647758774018, 1647759008236
16, 1, 1182, 1647758774047, 1647759008261
16, 2, 1183, 1647758774047, 1647759008261
16, 3, 1184, 1647758774047, 1647759008261
16, 4, 1185, 1647758774047, 1647759008261
16, 5, 1186, 1647758774047, 1647759008261
16, 6, 1187, 1647758774047, 1647759008261
16, 7, 1188, 1647758774047, 1647759008261
16, 8, 1189, 1647758774047, 1647759008261
16, 9, 1190, 1647758774047, 1647759008261
16, 10, 1191, 1647758774047, 1647759008262
16, 11, 1192, 1647758774047, 1647759008262
16, 12, 1193, 1647758774047, 1647759008262
16, 13, 1194, 1647758774047, 1647759008262
16, 14, 1195, 1647758774047, 1647759008262
16, 15, 1196, 1647758774047, 1647759008262
16, 16, 1197, 1647758774047, 1647759008262
16, 17, 1198, 1647758774047, 1647759008262
16, 18, 1199, 1647758774047, 1647759008262
16, 19, 1200, 1647758774047, 1647759008262
16, 20, 1201, 1647758774047, 1647759008262
16, 21, 1202, 1647758774047, 1647759008262
16, 22, 1203, 1647758774047, 1647759008262
16, 23, 1204, 1647758774047, 1647759008262
16, 24, 1205, 1647758774047, 1647759008262
16, 25, 1206, 1647758774047, 1647759008262
16, 26, 1207, 1647758774047, 1647759008262
16, 27, 1208, 1647758774047, 1647759008262
16, 28, 1209, 1647758774047, 1647759008262
16, 29, 1210, 1647758774047, 1647759008262
16, 30, 1211, 1647758774047, 1647759008262
16, 31, 1212, 1647758774047, 1647759008262
16, 32, 1213, 1647758774047, 1647759008262
16, 33, 1214, 1647758774047, 1647759008262
16, 34, 1215, 1647758774047, 1647759008262
16, 35, 1216, 1647758774047, 1647759008262
16, 36, 1217, 1647758774047, 1647759008262
16, 37, 1218, 1647758774047, 1647759008262
16, 38, 1219, 1647758774047, 1647759008262
16, 39, 1220, 1647758774047, 1647759008262
16, 40, 1221, 1647758774047, 1647759008262
16, 41, 1222, 1647758774047, 1647759008262
16, 42, 1223, 1647758774047, 1647759008262
16, 43, 1224, 1647758774047, 1647759008262
16, 44, 1225, 1647758774047, 1647759008262
16, 45, 1226, 1647758774047, 1647759008262
16, 46, 1227, 1647758774047, 1647759008262
16, 47, 1228, 1647758774048, 1647759008262
16, 48, 1229, 1647758774048, 1647759008262
16, 49, 1230, 1647758774048, 1647759008263
16, 50, 1231, 1647758774048, 1647759008263
16, 51, 1232, 1647758774048, 1647759008263
16, 52, 1233, 1647758774048, 1647759008263
16, 53, 1234, 1647758774048, 1647759008263
16, 54, 1235, 1647758774048, 1647759008263
16, 55, 1236, 1647758774048, 1647759008263
16, 56, 1237, 1647758774048, 1647759008263
16, 57, 1238, 1647758774048, 1647759008263
16, 58, 1239, 1647758774048, 1647759008263
16, 59, 1240, 1647758774048, 1647759008263
16, 60, 1241, 1647758774048, 1647759008263
16, 61, 1242, 1647758774048, 1647759008263
16, 62, 1243, 1647758774048, 1647759008263
16, 63, 1244, 1647758774048, 1647759008263
16, 64, 1245, 1647758774048, 1647759008263
16, 65, 1246, 1647758774048, 1647759008263
16, 66, 1247, 1647758774048, 1647759008263
16, 67, 1248, 1647758774048, 1647759008263
16, 68, 1249, 1647758774048, 1647759008263
16, 69, 1250, 1647758774048, 1647759008263
16, 70, 1251, 1647758774048, 1647759008263
16, 71, 1252, 1647758774048, 1647759008263
16, 72, 1253, 1647758774048, 1647759008263
16, 73, 1254, 1647758774048, 1647759008263
16, 74, 1255, 1647758774048, 1647759008263
16, 75, 1256, 1647758774048, 1647759008263
16, 76, 1257, 1647758774048, 1647759008263
16, 77, 1258, 1647758774048, 1647759008263
16, 78, 1259, 1647758774048, 1647759008263
16, 79, 1260, 1647758774048, 1647759008263
16, 80, 1261, 1647758774048, 1647759008263
16, 81, 1262, 1647758774048, 1647759008263
16, 82, 1263, 1647758774048, 1647759008263
16, 83, 1264, 1647758774048, 1647759008263
16, 84, 1265, 1647758774048, 1647759008263
16, 85, 1266, 1647758774048, 1647759008263
16, 86, 1267, 1647758774048, 1647759008263
16, 87, 1268, 1647758774048, 1647759008263
16, 88, 1269, 1647758774048, 1647759008263
16, 89, 1270, 1647758774048, 1647759008263
16, 90, 1271, 1647758774048, 1647759008263
16, 91, 1272, 1647758774048, 1647759008263
16, 92, 1273, 1647758774048, 1647759008264
16, 93, 1274, 1647758774048, 1647759008264
16, 94, 1275, 1647758774048, 1647759008264
16, 95, 1276, 1647758774048, 1647759008264
16, 96, 1277, 1647758774048, 1647759008264
16, 97, 1278, 1647758774048, 1647759008264
16, 98, 1279, 1647758774048, 1647759008264
16, 99, 