1, 1, 1, 1647751801047, 1647752035287
2, 1, 2, 1647751801077, 1647752035317
3, 1, 3, 1647751801107, 1647752035349
3, 2, 4, 1647751801107, 1647752035349
3, 3, 5, 1647751801107, 1647752035349
3, 4, 6, 1647751801107, 1647752035349
3, 5, 7, 1647751801107, 1647752035349
3, 6, 8, 1647751801107, 1647752035349
3, 7, 9, 1647751801107, 1647752035349
3, 8, 10, 1647751801107, 1647752035349
3, 9, 11, 1647751801107, 1647752035349
3, 10, 12, 1647751801107, 1647752035349
3, 11, 13, 1647751801107, 1647752035349
3, 12, 14, 1647751801107, 1647752035350
3, 13, 15, 1647751801107, 1647752035350
3, 14, 16, 1647751801107, 1647752035350
3, 15, 17, 1647751801107, 1647752035350
3, 16, 18, 1647751801107, 1647752035350
3, 17, 19, 1647751801107, 1647752035350
3, 18, 20, 1647751801107, 1647752035350
3, 19, 21, 1647751801107, 1647752035350
3, 20, 22, 1647751801107, 1647752035350
3, 21, 23, 1647751801107, 1647752035350
3, 22, 24, 1647751801107, 1647752035350
3, 23, 25, 1647751801107, 1647752035350
3, 24, 26, 1647751801107, 1647752035350
3, 25, 27, 1647751801107, 1647752035350
3, 26, 28, 1647751801107, 1647752035350
3, 27, 29, 1647751801107, 1647752035351
3, 28, 30, 1647751801107, 1647752035351
3, 29, 31, 1647751801107, 1647752035351
3, 30, 32, 1647751801107, 1647752035351
3, 31, 33, 1647751801107, 1647752035351
3, 32, 34, 1647751801107, 1647752035351
3, 33, 35, 1647751801107, 1647752035351
3, 34, 36, 1647751801107, 1647752035351
3, 35, 37, 1647751801107, 1647752035351
3, 36, 38, 1647751801107, 1647752035351
3, 37, 39, 1647751801107, 1647752035351
3, 38, 40, 1647751801107, 1647752035351
3, 39, 41, 1647751801107, 1647752035351
3, 40, 42, 1647751801107, 1647752035351
3, 41, 43, 1647751801107, 1647752035351
3, 42, 44, 1647751801107, 1647752035353
3, 43, 45, 1647751801107, 1647752035353
3, 44, 46, 1647751801107, 1647752035353
3, 45, 47, 1647751801107, 1647752035353
3, 46, 48, 1647751801107, 1647752035353
3, 47, 49, 1647751801107, 1647752035353
3, 48, 50, 1647751801107, 1647752035353
3, 49, 51, 1647751801107, 1647752035353
3, 50, 52, 1647751801107, 1647752035353
3, 51, 53, 1647751801107, 1647752035353
3, 52, 54, 1647751801107, 1647752035353
3, 53, 55, 1647751801107, 1647752035353
3, 54, 56, 1647751801107, 1647752035353
3, 55, 57, 1647751801107, 1647752035353
3, 56, 58, 1647751801107, 1647752035354
3, 57, 59, 1647751801107, 1647752035354
3, 58, 60, 1647751801107, 1647752035354
3, 59, 61, 1647751801107, 1647752035354
3, 60, 62, 1647751801107, 1647752035354
3, 61, 63, 1647751801107, 1647752035354
3, 62, 64, 1647751801107, 1647752035354
3, 63, 65, 1647751801107, 1647752035354
3, 64, 66, 1647751801107, 1647752035354
3, 65, 67, 1647751801107, 1647752035354
3, 66, 68, 1647751801107, 1647752035354
3, 67, 69, 1647751801107, 1647752035354
3, 68, 70, 1647751801107, 1647752035354
3, 69, 71, 1647751801107, 1647752035354
3, 70, 72, 1647751801107, 1647752035354
3, 71, 73, 1647751801107, 1647752035354
3, 72, 74, 1647751801107, 1647752035354
3, 73, 75, 1647751801107, 1647752035354
3, 74, 76, 1647751801107, 1647752035354
3, 75, 77, 1647751801107, 1647752035354
3, 76, 78, 1647751801107, 1647752035354
3, 77, 79, 1647751801107, 1647752035354
3, 78, 80, 1647751801107, 1647752035354
3, 79, 81, 1647751801107, 1647752035354
3, 80, 82, 1647751801107, 1647752035354
3, 81, 83, 1647751801107, 1647752035354
3, 94, 96, 1647751801107, 1647752035355
3, 95, 97, 1647751801109, 1647752035355
3, 96, 98, 1647751801109, 1647752035355
3, 97, 99, 1647751801109, 1647752035355
3, 98, 100, 1647751801109, 1647752035355
3, 99, 101, 1647751801109, 1647752035355
3, 100, 102, 1647751801109, 1647752035355
3, 101, 103, 1647751801109, 1647752035355
3, 102, 104, 1647751801109, 1647752035355
3, 103, 105, 1647751801109, 1647752035355
3, 104, 106, 1647751801109, 1647752035355
3, 105, 107, 1647751801109, 1647752035355
3, 106, 108, 1647751801109, 1647752035355
3, 107, 109, 1647751801109, 1647752035355
3, 108, 110, 1647751801109, 1647752035355
3, 109, 111, 1647751801109, 1647752035355
3, 110, 112, 1647751801109, 1647752035355
3, 111, 113, 1647751801109, 1647752035355
3, 112, 114, 1647751801109, 1647752035356
3, 113, 115, 1647751801109, 1647752035356
3, 114, 116, 1647751801109, 1647752035356
3, 115, 117, 1647751801109, 1647752035356
3, 116, 118, 1647751801109, 1647752035356
3, 117, 119, 1647751801109, 1647752035356
3, 118, 120, 1647751801109, 1647752035356
3, 119, 121, 1647751801109, 1647752035356
3, 120, 122, 1647751801109, 1647752035356
3, 121, 123, 1647751801109, 1647752035356
3, 122, 124, 1647751801109, 1647752035356
3, 123, 125, 1647751801109, 1647752035356
3, 124, 126, 1647751801109, 1647752035356
3, 125, 127, 1647751801109, 1647752035356
3, 126, 128, 1647751801109, 1647752035356
3, 127, 129, 1647751801109, 1647752035356
3, 128, 130, 1647751801109, 1647752035356
3, 129, 131, 1647751801109, 1647752035356
3, 130, 132, 1647751801109, 1647752035356
3, 131, 133, 1647751801109, 1647752035356
3, 132, 134, 1647751801109, 1647752035356
3, 133, 135, 1647751801109, 1647752035356
3, 134, 136, 1647751801109, 1647752035356
3, 135, 137, 1647751801109, 1647752035356
3, 136, 138, 1647751801109, 1647752035356
3, 137, 139, 1647751801110, 1647752035356
3, 138, 140, 1647751801110, 1647752035356
3, 139, 141, 1647751801110, 1647752035356
3, 140, 142, 1647751801110, 1647752035356
3, 141, 143, 1647751801110, 1647752035356
3, 142, 144, 1647751801110, 1647752035356
3, 143, 145, 1647751801110, 1647752035356
3, 144, 146, 1647751801110, 1647752035356
3, 145, 147, 1647751801110, 1647752035356
3, 146, 148, 1647751801110, 1647752035358
3, 147, 149, 1647751801110, 1647752035361
3, 148, 150, 1647751801112, 1647752035361
3, 149, 151, 1647751801112, 1647752035361
3, 150, 152, 1647751801112, 1647752035361
3, 151, 153, 1647751801112, 1647752035361
3, 152, 154, 1647751801112, 1647752035361
3, 153, 155, 1647751801112, 1647752035361
3, 154, 156, 1647751801112, 1647752035361
3, 155, 157, 1647751801112, 1647752035361
3, 156, 158, 1647751801112, 1647752035361
3, 157, 159, 1647751801112, 1647752035361
3, 158, 160, 1647751801112, 1647752035361
3, 159, 161, 1647751801112, 1647752035361
3, 160, 162, 1647751801112, 1647752035361
3, 161, 163, 1647751801112, 1647752035361
3, 162, 164, 1647751801112, 1647752035361
3, 163, 165, 1647751801112, 1647752035361
3, 164, 166, 1647751801112, 1647752035361
3, 165, 167, 1647751801112, 1647752035361
3, 166, 168, 1647751801112, 1647752035361
3, 167, 169, 1647751801112, 1647752035361
3, 168, 170, 1647751801112, 1647752035361
3, 169, 171, 1647751801112, 1647752035361
3, 170, 172, 1647751801112, 1647752035361
3, 171, 173, 1647751801112, 1647752035361
3, 172, 174, 1647751801112, 1647752035361
4, 1, 175, 1647751801137, 1647752035377
4, 2, 176, 1647751801137, 1647752035377
4, 3, 177, 1647751801137, 1647752035377
4, 4, 178, 1647751801137, 1647752035378
4, 5, 179, 1647751801137, 1647752035378
4, 6, 180, 1647751801137, 1647752035378
4, 7, 181, 1647751801137, 1647752035378
4, 8, 182, 1647751801137, 1647752035378
4, 9, 183, 1647751801137, 1647752035378
4, 10, 184, 1647751801137, 1647752035378
4, 11, 185, 1647751801137, 1647752035378
4, 12, 186, 1647751801137, 1647752035378
4, 13, 187, 1647751801137, 1647752035378
4, 14, 188, 1647751801137, 1647752035378
4, 15, 189, 1647751801137, 1647752035378
4, 16, 190, 1647751801137, 1647752035378
4, 17, 191, 1647751801137, 1647752035378
4, 18, 192, 1647751801137, 1647752035378
4, 19, 193, 1647751801137, 1647752035378
4, 20, 194, 1647751801137, 1647752035378
4, 21, 195, 1647751801137, 1647752035378
4, 22, 196, 1647751801137, 1647752035378
4, 23, 197, 1647751801137, 1647752035378
4, 24, 198, 1647751801137, 1647752035378
4, 25, 199, 1647751801137, 1647752035378
4, 26, 200, 1647751801137, 1647752035378
4, 27, 201, 1647751801137, 1647752035378
4, 28, 202, 1647751801137, 1647752035378
4, 29, 203, 1647751801137, 1647752035378
4, 30, 204, 1647751801137, 1647752035378
4, 31, 205, 1647751801137, 1647752035379
4, 32, 206, 1647751801137, 1647752035379
4, 33, 207, 1647751801137, 1647752035379
4, 34, 208, 1647751801137, 1647752035379
4, 35, 209, 1647751801137, 1647752035379
4, 36, 210, 1647751801137, 1647752035379
4, 37, 211, 1647751801137, 1647752035379
4, 38, 212, 1647751801137, 1647752035379
4, 39, 213, 1647751801137, 1647752035379
4, 40, 214, 1647751801137, 1647752035379
4, 41, 215, 1647751801137, 1647752035379
4, 42, 216, 1647751801137, 1647752035379
4, 43, 217, 1647751801137, 1647752035380
4, 44, 218, 1647751801137, 1647752035380
4, 45, 219, 1647751801137, 1647752035380
4, 46, 220, 1647751801137, 1647752035380
4, 47, 221, 1647751801137, 1647752035380
4, 48, 222, 1647751801137, 1647752035380
4, 49, 223, 1647751801137, 1647752035380
4, 50, 224, 1647751801137, 1647752035380
4, 51, 225, 1647751801137, 1647752035380
4, 52, 226, 1647751801137, 1647752035380
4, 53, 227, 1647751801137, 1647752035380
4, 54, 228, 1647751801137, 1647752035380
4, 55, 229, 1647751801137, 1647752035380
4, 56, 230, 1647751801137, 1647752035380
4, 57, 231, 1647751801137, 1647752035380
4, 58, 232, 1647751801137, 1647752035380
4, 59, 233, 1647751801137, 1647752035381
4, 60, 234, 1647751801137, 1647752035381
4, 61, 235, 1647751801137, 1647752035381
4, 62, 236, 1647751801137, 1647752035381
4, 63, 237, 1647751801137, 1647752035381
4, 64, 238, 1647751801137, 1647752035381
4, 65, 239, 1647751801137, 1647752035381
4, 66, 240, 1647751801137, 1647752035381
4, 67, 241, 1647751801137, 1647752035381
4, 68, 242, 1647751801137, 1647752035381
4, 69, 243, 1647751801137, 1647752035381
4, 70, 244, 1647751801137, 1647752035381
4, 71, 245, 1647751801137, 1647752035381
4, 72, 246, 1647751801137, 1647752035381
4, 73, 247, 1647751801137, 1647752035381
4, 74, 248, 1647751801137, 1647752035381
4, 75, 249, 1647751801137, 1647752035381
4, 76, 250, 1647751801137, 1647752035381
5, 1, 251, 1647751801167, 1647752035409
5, 2, 252, 1647751801167, 1647752035409
5, 3, 253, 1647751801167, 1647752035409
5, 4, 254, 1647751801167, 1647752035409
5, 5, 255, 1647751801167, 1647752035409
5, 6, 256, 1647751801167, 1647752035409
5, 7, 257, 1647751801167, 1647752035409
5, 8, 258, 1647751801167, 1647752035409
5, 9, 259, 1647751801167, 1647752035409
5, 10, 260, 1647751801167, 1647752035409
5, 11, 261, 1647751801167, 1647752035409
5, 12, 262, 1647751801167, 1647752035409
5, 13, 263, 1647751801167, 1647752035409
5, 14, 264, 1647751801167, 1647752035409
5, 15, 265, 1647751801167, 1647752035409
5, 16, 266, 1647751801167, 1647752035409
5, 17, 267, 1647751801167, 1647752035409
5, 18, 268, 1647751801167, 1647752035409
5, 19, 269, 1647751801167, 1647752035409
5, 20, 270, 1647751801167, 1647752035409
5, 21, 271, 1647751801167, 1647752035409
5, 22, 272, 1647751801167, 1647752035409
5, 23, 273, 1647751801167, 1647752035409
5, 24, 274, 1647751801167, 1647752035409
5, 25, 275, 1647751801167, 1647752035409
5, 26, 276, 1647751801167, 1647752035410
5, 27, 277, 1647751801167, 1647752035410
5, 28, 278, 1647751801167, 1647752035410
5, 29, 279, 1647751801167, 1647752035410
5, 30, 280, 1647751801167, 1647752035411
5, 31, 281, 1647751801167, 1647752035411
5, 32, 282, 1647751801167, 1647752035411
5, 33, 283, 1647751801167, 1647752035411
5, 34, 284, 1647751801167, 1647752035411
5, 35, 285, 1647751801167, 1647752035411
5, 36, 286, 1647751801167, 1647752035411
5, 37, 287, 1647751801167, 1647752035411
5, 38, 288, 1647751801167, 1647752035411
5, 39, 289, 1647751801167, 1647752035411
5, 40, 290, 1647751801167, 1647752035411
5, 41, 291, 1647751801167, 1647752035411
5, 42, 292, 1647751801167, 1647752035411
5, 43, 293, 1647751801167, 1647752035411
5, 44, 294, 1647751801167, 1647752035411
5, 45, 295, 1647751801167, 1647752035411
5, 46, 296, 1647751801167, 1647752035411
5, 47, 297, 1647751801167, 1647752035411
5, 48, 298, 1647751801167, 1647752035411
5, 49, 299, 1647751801167, 1647752035411
5, 50, 300, 1647751801167, 1647752035411
5, 51, 301, 1647751801167, 1647752035411
5, 52, 302, 1647751801167, 1647752035411
5, 53, 303, 1647751801167, 1647752035411
5, 54, 304, 1647751801167, 1647752035411
5, 55, 305, 1647751801167, 1647752035411
5, 56, 306, 1647751801167, 1647752035411
5, 57, 307, 1647751801167, 1647752035411
5, 58, 308, 1647751801167, 1647752035411
5, 59, 309, 1647751801167, 1647752035411
5, 60, 310, 1647751801167, 1647752035411
5, 61, 311, 1647751801167, 1647752035411
5, 62, 312, 1647751801167, 1647752035411
5, 63, 313, 1647751801167, 1647752035411
5, 64, 314, 1647751801167, 1647752035411
6, 1, 315, 1647751801198, 1647752035438
6, 2, 316, 1647751801198, 1647752035438
6, 3, 317, 1647751801198, 1647752035438
6, 4, 318, 1647751801198, 1647752035438
6, 5, 319, 1647751801198, 1647752035438
6, 6, 320, 1647751801198, 1647752035438
6, 7, 321, 1647751801198, 1647752035438
6, 8, 322, 1647751801198, 1647752035438
6, 9, 323, 1647751801198, 1647752035438
6, 10, 324, 1647751801198, 1647752035438
6, 11, 325, 1647751801198, 1647752035438
6, 12, 326, 1647751801198, 1647752035438
6, 13, 327, 1647751801198, 1647752035438
6, 14, 328, 1647751801198, 1647752035438
6, 15, 329, 1647751801198, 1647752035438
6, 16, 330, 1647751801198, 1647752035438
6, 17, 331, 1647751801198, 1647752035439
6, 18, 332, 1647751801198, 1647752035439
6, 19, 333, 1647751801198, 1647752035439
7, 1, 334, 1647751801228, 1647752035468
7, 2, 335, 1647751801228, 1647752035468
7, 3, 336, 1647751801228, 1647752035468
7, 4, 337, 1647751801228, 1647752035468
7, 5, 338, 1647751801228, 1647752035468
7, 6, 339, 1647751801228, 1647752035468
7, 7, 340, 1647751801228, 1647752035468
7, 8, 341, 1647751801228, 1647752035468
7, 9, 342, 1647751801228, 1647752035468
7, 10, 343, 1647751801228, 1647752035468
7, 11, 344, 1647751801228, 1647752035468
7, 12, 345, 1647751801228, 1647752035468
8, 1, 346, 1647751801258, 1647752035502
8, 2, 347, 1647751801258, 1647752035503
8, 3, 348, 1647751801258, 1647752035503
8, 4, 349, 1647751801258, 1647752035503
8, 5, 350, 1647751801258, 1647752035503
8, 6, 351, 1647751801258, 1647752035503
8, 7, 352, 1647751801258, 1647752035503
8, 8, 353, 1647751801258, 1647752035503
8, 9, 354, 1647751801258, 1647752035503
8, 10, 355, 1647751801258, 1647752035503
8, 11, 356, 1647751801258, 1647752035503
8, 12, 357, 1647751801258, 1647752035503
8, 13, 358, 1647751801258, 1647752035503
8, 14, 359, 1647751801258, 1647752035503
8, 15, 360, 1647751801258, 1647752035503
8, 16, 361, 1647751801258, 1647752035503
8, 17, 362, 1647751801258, 1647752035503
8, 18, 363, 1647751801258, 1647752035503
8, 19, 364, 1647751801258, 1647752035503
8, 20, 365, 1647751801258, 1647752035503
8, 21, 366, 1647751801258, 1647752035503
8, 22, 367, 1647751801258, 1647752035503
8, 23, 368, 1647751801258, 1647752035503
8, 24, 369, 1647751801258, 1647752035503
8, 25, 370, 1647751801258, 1647752035503
8, 26, 371, 1647751801258, 1647752035503
8, 27, 372, 1647751801258, 1647752035503
8, 28, 373, 1647751801258, 1647752035503
8, 29, 374, 1647751801258, 1647752035503
8, 30, 375, 1647751801258, 1647752035503
8, 31, 376, 1647751801258, 1647752035503
8, 32, 377, 1647751801258, 1647752035503
8, 33, 378, 1647751801258, 1647752035503
8, 34, 379, 1647751801258, 1647752035503
8, 35, 380, 1647751801258, 1647752035503
8, 36, 381, 1647751801258, 1647752035503
8, 37, 382, 1647751801258, 1647752035503
8, 38, 383, 1647751801258, 1647752035503
8, 39, 384, 1647751801258, 1647752035504
8, 40, 385, 1647751801258, 1647752035504
8, 41, 386, 1647751801258, 1647752035504
8, 42, 387, 1647751801258, 1647752035504
8, 43, 388, 1647751801258, 1647752035504
8, 44, 389, 1647751801258, 1647752035504
8, 45, 390, 1647751801258, 1647752035504
8, 46, 391, 1647751801258, 1647752035504
8, 47, 392, 1647751801258, 1647752035504
8, 48, 393, 1647751801258, 1647752035504
8, 49, 394, 1647751801258, 1647752035504
8, 50, 395, 1647751801258, 1647752035504
8, 51, 396, 1647751801258, 1647752035504
8, 52, 397, 1647751801258, 1647752035505
8, 53, 398, 1647751801258, 1647752035505
8, 54, 399, 1647751801258, 1647752035505
8, 55, 400, 1647751801258, 1647752035505
8, 56, 401, 1647751801258, 1647752035505
8, 57, 402, 1647751801258, 1647752035505
8, 58, 403, 1647751801258, 1647752035505
8, 59, 404, 1647751801258, 1647752035505
8, 60, 405, 1647751801258, 1647752035505
8, 61, 406, 1647751801258, 1647752035505
8, 62, 407, 1647751801258, 1647752035505
8, 63, 408, 1647751801258, 1647752035505
8, 64, 409, 1647751801258, 1647752035505
8, 65, 410, 1647751801258, 1647752035505
8, 66, 411, 1647751801258, 1647752035505
8, 67, 412, 1647751801258, 1647752035505
8, 68, 413, 1647751801258, 1647752035505
8, 69, 414, 1647751801258, 1647752035505
8, 70, 415, 1647751801258, 1647752035505
8, 71, 416, 1647751801258, 1647752035505
8, 72, 417, 1647751801258, 1647752035505
8, 73, 418, 1647751801258, 1647752035505
8, 74, 419, 1647751801258, 1647752035505
8, 75, 420, 1647751801258, 1647752035505
8, 76, 421, 1647751801258, 1647752035505
8, 77, 422, 1647751801258, 1647752035505
8, 78, 423, 1647751801258, 1647752035505
8, 79, 424, 1647751801258, 1647752035505
8, 80, 425, 1647751801258, 1647752035505
8, 81, 426, 1647751801258, 1647752035505
8, 82, 427, 1647751801258, 1647752035505
8, 83, 428, 1647751801258, 1647752035505
8, 84, 429, 1647751801258, 1647752035505
8, 85, 430, 1647751801258, 1647752035505
8, 86, 431, 1647751801258, 1647752035505
8, 87, 432, 1647751801258, 1647752035505
8, 88, 433, 1647751801258, 1647752035505
8, 89, 434, 1647751801258, 1647752035505
8, 94, 439, 1647751801258, 1647752035507
8, 95, 440, 1647751801261, 1647752035507
8, 96, 441, 1647751801261, 1647752035507
8, 97, 442, 1647751801261, 1647752035507
8, 98, 443, 1647751801261, 1647752035507
8, 99, 444, 1647751801261, 1647752035507
8, 100, 445, 1647751801261, 1647752035507
8, 101, 446, 1647751801261, 1647752035507
8, 102, 447, 1647751801261, 1647752035507
8, 103, 448, 1647751801261, 1647752035507
8, 104, 449, 1647751801261, 1647752035507
8, 105, 450, 1647751801261, 1647752035507
8, 106, 451, 1647751801261, 1647752035507
8, 107, 452, 1647751801261, 1647752035507
8, 108, 453, 1647751801261, 1647752035507
8, 109, 454, 1647751801261, 1647752035508
8, 110, 455, 1647751801261, 1647752035508
8, 111, 456, 1647751801261, 1647752035508
8, 112, 457, 1647751801261, 1647752035508
8, 113, 458, 1647751801261, 1647752035508
8, 114, 459, 1647751801261, 1647752035508
8, 115, 460, 1647751801261, 1647752035508
8, 116, 461, 1647751801261, 1647752035508
8, 117, 462, 1647751801261, 1647752035508
8, 118, 463, 1647751801261, 1647752035508
8, 119, 464, 1647751801261, 1647752035508
8, 120, 465, 1647751801261, 1647752035508
8, 121, 466, 1647751801261, 1647752035508
8, 122, 467, 1647751801261, 1647752035508
8, 123, 468, 1647751801261, 1647752035508
8, 124, 469, 1647751801261, 1647752035508
8, 125, 470, 1647751801261, 1647752035508
8, 126, 471, 1647751801261, 1647752035508
8, 127, 472, 1647751801261, 1647752035508
8, 128, 473, 1647751801261, 1647752035508
8, 129, 474, 1647751801261, 1647752035508
8, 130, 475, 1647751801261, 1647752035508
8, 131, 476, 1647751801261, 1647752035508
8, 132, 477, 1647751801261, 1647752035508
8, 133, 478, 1647751801261, 1647752035508
8, 134, 479, 1647751801261, 1647752035508
8, 135, 480, 1647751801261, 1647752035508
8, 136, 481, 1647751801261, 1647752035508
8, 137, 482, 1647751801261, 1647752035508
8, 138, 483, 1647751801261, 1647752035508
8, 139, 484, 1647751801261, 1647752035508
8, 140, 485, 1647751801261, 1647752035508
8, 141, 486, 1647751801261, 1647752035508
8, 142, 487, 1647751801261, 1647752035508
8, 143, 488, 1647751801261, 1647752035508
8, 144, 489, 1647751801261, 1647752035508
8, 145, 490, 1647751801261, 1647752035509
8, 146, 491, 1647751801261, 1647752035509
8, 147, 492, 1647751801261, 1647752035509
8, 148, 493, 1647751801261, 1647752035509
8, 149, 494, 1647751801261, 1647752035509
8, 150, 495, 1647751801261, 1647752035509
8, 151, 496, 1647751801261, 1647752035509
8, 152, 497, 1647751801261, 1647752035509
8, 153, 498, 1647751801261, 1647752035509
8, 154, 499, 1647751801261, 1647752035509
8, 155, 500, 1647751801261, 1647752035509
8, 156, 501, 1647751801261, 1647752035509
8, 157, 502, 1647751801261, 1647752035509
8, 158, 503, 1647751801261, 1647752035509
8, 159, 504, 1647751801261, 1647752035509
8, 160, 505, 1647751801261, 1647752035509
8, 161, 506, 1647751801261, 1647752035509
8, 162, 507, 1647751801261, 1647752035509
8, 163, 508, 1647751801261, 1647752035509
8, 164, 509, 1647751801261, 1647752035509
8, 165, 510, 1647751801261, 1647752035509
9, 1, 511, 1647751801288, 1647752035529
9, 2, 512, 1647751801288, 1647752035529
10, 1, 513, 1647751801319, 1647752035562
10, 2, 514, 1647751801319, 1647752035562
10, 3, 515, 1647751801319, 1647752035562
10, 4, 516, 1647751801319, 1647752035562
10, 5, 517, 1647751801319, 1647752035562
10, 6, 518, 1647751801319, 1647752035563
10, 7, 519, 1647751801319, 1647752035563
10, 8, 520, 1647751801319, 1647752035566
10, 9, 521, 1647751801319, 1647752035566
10, 10, 522, 1647751801319, 1647752035566
10, 11, 523, 1647751801319, 1647752035566
10, 12, 524, 1647751801319, 1647752035566
10, 13, 525, 1647751801319, 1647752035566
10, 14, 526, 1647751801319, 1647752035566
10, 15, 527, 1647751801319, 1647752035566
10, 16, 528, 1647751801319, 1647752035566
10, 17, 529, 1647751801319, 1647752035566
10, 18, 530, 1647751801319, 1647752035566
10, 19, 531, 1647751801319, 1647752035566
10, 20, 532, 1647751801319, 1647752035566
10, 21, 533, 1647751801319, 1647752035566
10, 22, 534, 1647751801319, 1647752035566
10, 23, 535, 1647751801319, 1647752035567
10, 24, 536, 1647751801319, 1647752035567
10, 25, 537, 1647751801319, 1647752035567
10, 26, 538, 1647751801319, 1647752035567
10, 27, 539, 1647751801319, 1647752035567
10, 28, 540, 1647751801319, 1647752035567
10, 29, 541, 1647751801319, 1647752035567
10, 30, 542, 1647751801319, 1647752035567
10, 31, 543, 1647751801319, 1647752035567
10, 32, 544, 1647751801319, 1647752035567
10, 33, 545, 1647751801319, 1647752035567
10, 34, 546, 1647751801319, 1647752035567
10, 35, 547, 1647751801319, 1647752035567
10, 36, 548, 1647751801319, 1647752035567
10, 37, 549, 1647751801319, 1647752035567
10, 38, 550, 1647751801319, 1647752035567
10, 39, 551, 1647751801319, 1647752035567
10, 40, 552, 1647751801319, 1647752035567
10, 41, 553, 1647751801319, 1647752035567
10, 42, 554, 1647751801319, 1647752035567
10, 43, 555, 1647751801319, 1647752035567
10, 44, 556, 1647751801319, 1647752035567
10, 45, 557, 1647751801319, 1647752035567
10, 46, 558, 1647751801319, 1647752035567
10, 47, 559, 1647751801319, 1647752035567
11, 1, 635, 1647751801348, 1647752035591
11, 2, 636, 1647751801348, 1647752035592
11, 3, 637, 1647751801348, 1647752035592
11, 4, 638, 1647751801348, 1647752035592
11, 5, 639, 1647751801348, 1647752035592
11, 6, 640, 1647751801348, 1647752035592
11, 7, 641, 1647751801348, 1647752035592
11, 8, 642, 1647751801348, 1647752035592
11, 9, 643, 1647751801348, 1647752035592
11, 10, 644, 1647751801348, 1647752035592
11, 11, 645, 1647751801348, 1647752035592
11, 12, 646, 1647751801348, 1647752035592
11, 13, 647, 1647751801348, 1647752035592
11, 14, 648, 1647751801348, 1647752035592
11, 15, 649, 1647751801348, 1647752035592
11, 16, 650, 1647751801348, 1647752035592
11, 17, 651, 1647751801348, 1647752035592
11, 18, 652, 1647751801348, 1647752035592
11, 19, 653, 1647751801348, 1647752035592
11, 20, 654, 1647751801348, 1647752035592
11, 21, 655, 1647751801348, 1647752035595
11, 22, 656, 1647751801348, 1647752035595
11, 23, 657, 1647751801348, 1647752035595
11, 24, 658, 1647751801348, 1647752035595
11, 25, 659, 1647751801348, 1647752035595
11, 26, 660, 1647751801348, 1647752035595
11, 27, 661, 1647751801348, 1647752035595
11, 28, 662, 1647751801348, 1647752035595
11, 29, 663, 1647751801348, 1647752035595
11, 30, 664, 1647751801348, 1647752035596
11, 31, 665, 1647751801348, 1647752035596
11, 32, 666, 1647751801348, 1647752035596
11, 33, 667, 1647751801348, 1647752035596
11, 34, 668, 1647751801349, 1647752035596
11, 35, 669, 1647751801349, 1647752035596
11, 36, 670, 1647751801349, 1647752035596
11, 37, 671, 1647751801349, 1647752035596
11, 38, 672, 1647751801349, 1647752035596
11, 39, 673, 1647751801349, 1647752035596
11, 40, 674, 1647751801349, 1647752035596
11, 41, 675, 1647751801349, 1647752035596
11, 42, 676, 1647751801349, 1647752035596
11, 43, 677, 1647751801349, 1647752035596
11, 44, 678, 1647751801349, 1647752035596
11, 45, 679, 1647751801349, 1647752035596
11, 46, 680, 1647751801349, 1647752035596
11, 47, 681, 1647751801349, 1647752035596
11, 48, 682, 1647751801349, 1647752035596
11, 49, 683, 1647751801349, 1647752035596
11, 50, 684, 1647751801349, 1647752035596
11, 51, 685, 1647751801349, 1647752035596
11, 52, 686, 1647751801349, 1647752035596
11, 53, 687, 1647751801349, 1647752035596
11, 54, 688, 1647751801349, 1647752035596
11, 55, 689, 1647751801349, 1647752035596
11, 56, 690, 1647751801349, 1647752035596
11, 57, 691, 1647751801349, 1647752035596
11, 58, 692, 1647751801349, 1647752035596
12, 1, 738, 1647751801378, 1647752035625
12, 2, 739, 1647751801378, 1647752035625
12, 3, 740, 1647751801378, 1647752035625
12, 4, 741, 1647751801378, 1647752035625
12, 5, 742, 1647751801378, 1647752035625
12, 6, 743, 1647751801378, 1647752035625
12, 7, 744, 1647751801378, 1647752035625
12, 8, 745, 1647751801378, 1647752035625
12, 9, 746, 1647751801378, 1647752035625
12, 10, 747, 1647751801378, 1647752035625
12, 11, 748, 1647751801378, 1647752035625
12, 12, 749, 1647751801378, 1647752035625
12, 13, 750, 1647751801378, 1647752035625
12, 14, 751, 1647751801378, 1647752035625
12, 15, 752, 1647751801378, 1647752035625
12, 16, 753, 1647751801378, 1647752035625
12, 17, 754, 1647751801378, 1647752035625
12, 18, 755, 1647751801378, 1647752035625
12, 19, 756, 1647751801378, 1647752035625
12, 20, 757, 1647751801378, 1647752035625
12, 21, 758, 1647751801378, 1647752035625
12, 22, 759, 1647751801378, 1647752035625
12, 23, 760, 1647751801378, 1647752035626
12, 24, 761, 1647751801378, 1647752035626
12, 25, 762, 1647751801378, 1647752035626
12, 26, 763, 1647751801378, 1647752035626
12, 27, 764, 1647751801378, 1647752035626
12, 28, 765, 1647751801378, 1647752035626
12, 29, 766, 1647751801378, 1647752035626
12, 30, 767, 1647751801378, 1647752035626
12, 31, 768, 1647751801378, 1647752035626
12, 32, 769, 1647751801378, 1647752035626
12, 33, 770, 1647751801378, 1647752035626
12, 34, 771, 1647751801379, 1647752035626
12, 35, 772, 1647751801379, 1647752035626
12, 36, 773, 1647751801379, 1647752035626
12, 37, 774, 1647751801379, 1647752035626
12, 38, 775, 1647751801379, 1647752035626
12, 39, 776, 1647751801379, 1647752035626
12, 40, 777, 1647751801379, 1647752035626
13, 1, 845, 1647751801408, 1647752035651
13, 2, 846, 1647751801408, 1647752035652
13, 3, 847, 1647751801408, 1647752035652
13, 4, 848, 1647751801408, 1647752035653
13, 5, 849, 1647751801408, 1647752035653
13, 6, 850, 1647751801408, 1647752035653
13, 7, 851, 1647751801408, 1647752035653
13, 8, 852, 1647751801408, 1647752035653
13, 9, 853, 1647751801408, 1647752035653
13, 10, 854, 1647751801408, 1647752035653
13, 11, 855, 1647751801408, 1647752035653
13, 12, 856, 1647751801408, 1647752035653
13, 13, 857, 1647751801408, 1647752035653
13, 14, 858, 1647751801408, 1647752035653
13, 15, 859, 1647751801408, 1647752035653
13, 16, 860, 1647751801408, 1647752035653
13, 17, 861, 1647751801408, 1647752035653
13, 18, 862, 1647751801408, 1647752035653
13, 19, 863, 1647751801408, 1647752035653
13, 20, 864, 1647751801408, 1647752035653
13, 21, 865, 1647751801408, 1647752035653
13, 22, 866, 1647751801408, 1647752035653
13, 23, 867, 1647751801408, 1647752035653
13, 24, 868, 1647751801408, 1647752035653
13, 25, 869, 1647751801408, 1647752035653
13, 26, 870, 1647751801408, 1647752035653
13, 27, 871, 1647751801408, 1647752035653
13, 28, 872, 1647751801408, 1647752035653
13, 29, 873, 1647751801408, 1647752035653
13, 30, 874, 1647751801408, 1647752035653
13, 31, 875, 1647751801408, 1647752035653
13, 32, 876, 1647751801408, 1647752035653
13, 33, 877, 1647751801408, 1647752035653
13, 34, 878, 1647751801408, 1647752035653
13, 35, 879, 1647751801408, 1647752035653
13, 36, 880, 1647751801408, 1647752035653
13, 37, 881, 1647751801408, 1647752035653
13, 38, 882, 1647751801408, 1647752035653
13, 39, 883, 1647751801408, 1647752035653
13, 40, 884, 1647751801408, 1647752035653
13, 41, 885, 1647751801408, 1647752035653
13, 42, 886, 1647751801408, 1647752035653
13, 43, 887, 1647751801408, 1647752035653
13, 44, 888, 1647751801408, 1647752035653
13, 45, 889, 1647751801408, 1647752035653
13, 46, 890, 1647751801408, 1647752035653
13, 47, 891, 1647751801408, 1647752035653
13, 48, 892, 1647751801408, 1647752035653
13, 49, 893, 1647751801408, 1647752035653
13, 50, 894, 1647751801408, 1647752035653
13, 51, 895, 1647751801408, 1647752035653
13, 52, 896, 1647751801408, 1647752035654
13, 53, 897, 1647751801408, 1647752035654
13, 54, 898, 1647751801408, 1647752035654
13, 55, 899, 1647751801408, 1647752035654
13, 56, 900, 1647751801408, 1647752035654
13, 57, 901, 1647751801408, 1647752035654
13, 58, 902, 1647751801408, 1647752035654
13, 59, 903, 1647751801408, 1647752035654
13, 60, 904, 1647751801408, 1647752035654
13, 61, 905, 1647751801408, 1647752035654
13, 62, 906, 1647751801408, 1647752035654
13, 63, 907, 1647751801408, 1647752035654
13, 64, 908, 1647751801408, 1647752035654
13, 65, 909, 1647751801408, 1647752035654
13, 66, 910, 1647751801408, 1647752035654
13, 67, 911, 1647751801408, 1647752035654
13, 68, 912, 1647751801408, 1647752035654
13, 69, 913, 1647751801408, 1647752035654
13, 70, 914, 1647751801408, 1647752035654
13, 71, 915, 1647751801408, 1647752035654
13, 72, 916, 1647751801408, 1647752035654
13, 73, 917, 1647751801408, 1647752035654
13, 74, 918, 1647751801408, 1647752035654
13, 75, 919, 1647751801408, 1647752035654
13, 76, 920, 1647751801408, 1647752035654
13, 77, 921, 1647751801408, 1647752035654
13, 78, 922, 1647751801408, 1647752035654
13, 79, 923, 1647751801408, 1647752035654
13, 80, 924, 1647751801408, 1647752035654
13, 81, 925, 1647751801408, 1647752035654
13, 82, 926, 1647751801408, 1647752035654
13, 83, 927, 1647751801408, 1647752035654
13, 84, 928, 1647751801408, 1647752035654
13, 85, 929, 1647751801408, 1647752035654
13, 86, 930, 1647751801408, 1647752035654
13, 87, 931, 1647751801408, 1647752035654
13, 88, 932, 1647751801408, 1647752035654
13, 89, 933, 1647751801408, 1647752035654
13, 90, 934, 1647751801408, 1647752035654
13, 91, 935, 1647751801408, 1647752035654
13, 92, 936, 1647751801408, 1647752035654
13, 93, 937, 1647751801408, 1647752035654
13, 94, 938, 1647751801408, 1647752035656
13, 95, 939, 1647751801411, 1647752035656
13, 96, 940, 1647751801411, 1647752035656
13, 97, 941, 1647751801411, 1647752035656
13, 98, 942, 1647751801411, 1647752035656
13, 99, 943, 1647751801411, 1647752035656
13, 100, 944, 1647751801411, 1647752035656
13, 101, 945, 1647751801411, 1647752035656
13, 102, 946, 1647751801411, 1647752035656
13, 103, 947, 1647751801411, 1647752035656
13, 104, 948, 1647751801411, 1647752035656
13, 105, 949, 1647751801411, 1647752035656
13, 106, 950, 1647751801411, 1647752035656
13, 107, 951, 1647751801411, 1647752035656
13, 108, 952, 1647751801411, 1647752035656
13, 109, 953, 1647751801411, 1647752035656
13, 110, 954, 1647751801411, 1647752035656
13, 111, 955, 1647751801411, 1647752035656
13, 112, 956, 1647751801411, 1647752035656
13, 113, 957, 1647751801411, 1647752035656
13, 114, 958, 1647751801411, 1647752035656
13, 115, 959, 1647751801411, 1647752035656
13, 116, 960, 1647751801411, 1647752035656
13, 117, 961, 1647751801411, 1647752035656
13, 118, 962, 1647751801411, 1647752035656
13, 119, 963, 1647751801411, 1647752035656
13, 120, 964, 1647751801411, 1647752035656
14, 1, 965, 1647751801438, 1647752035681
14, 2, 966, 1647751801438, 1647752035681
14, 3, 967, 1647751801438, 1647752035681
14, 4, 968, 1647751801438, 1647752035681
14, 5, 969, 1647751801438, 1647752035681
14, 6, 970, 1647751801438, 1647752035681
14, 7, 971, 1647751801438, 1647752035682
14, 8, 972, 1647751801438, 1647752035682
14, 9, 973, 1647751801438, 1647752035682
14, 10, 974, 1647751801438, 1647752035682
14, 11, 975, 1647751801438, 1647752035682
14, 12, 976, 1647751801438, 1647752035682
14, 13, 977, 1647751801438, 1647752035682
14, 14, 978, 1647751801438, 1647752035682
14, 15, 979, 1647751801438, 1647752035682
14, 16, 980, 1647751801438, 1647752035682
14, 17, 981, 1647751801438, 1647752035682
14, 18, 982, 1647751801438, 1647752035682
14, 19, 983, 1647751801438, 1647752035682
14, 20, 984, 1647751801438, 1647752035682
14, 21, 985, 1647751801438, 1647752035682
14, 22, 986, 1647751801438, 1647752035682
14, 23, 987, 1647751801438, 1647752035682
14, 24, 988, 1647751801438, 1647752035682
14, 25, 989, 1647751801438, 1647752035683
14, 26, 990, 1647751801438, 1647752035683
14, 27, 991, 1647751801438, 1647752035683
14, 28, 992, 1647751801438, 1647752035683
14, 29, 993, 1647751801438, 1647752035683
14, 30, 994, 1647751801438, 1647752035683
14, 31, 995, 1647751801438, 1647752035683
14, 32, 996, 1647751801438, 1647752035683
14, 33, 997, 1647751801438, 1647752035683
14, 34, 998, 1647751801438, 1647752035683
14, 35, 999, 1647751801438, 1647752035683
14, 36, 1000, 1647751801438, 1647752035683
14, 37, 1001, 1647751801438, 1647752035683
14, 38, 1002, 1647751801438, 1647752035683
14, 39, 1003, 1647751801438, 1647752035683
14, 40, 1004, 1647751801438, 1647752035683
14, 41, 1005, 1647751801438, 1647752035683
14, 42, 1006, 1647751801438, 1647752035683
14, 43, 1007, 1647751801438, 1647752035683
14, 44, 1008, 1647751801438, 1647752035683
14, 45, 1009, 1647751801438, 1647752035683
14, 46, 1010, 1647751801438, 1647752035683
14, 47, 1011, 1647751801438, 1647752035683
14, 48, 1012, 1647751801438, 1647752035683
14, 49, 1013, 1647751801438, 1647752035683
14, 50, 1014, 1647751801438, 1647752035683
14, 51, 1015, 1647751801438, 1647752035683
14, 52, 1016, 1647751801438, 1647752035683
14, 53, 1017, 1647751801438, 1647752035683
14, 54, 1018, 1647751801438, 1647752035683
14, 55, 1019, 1647751801438, 1647752035683
14, 56, 1020, 1647751801438, 1647752035683
14, 57, 1021, 1647751801438, 1647752035683
14, 58, 1022, 1647751801438, 1647752035683
14, 59, 1023, 1647751801438, 1647752035683
14, 60, 1024, 1647751801438, 1647752035683
14, 61, 1025, 1647751801438, 1647752035683
14, 62, 1026, 1647751801438, 1647752035683
14, 63, 1027, 1647751801438, 1647752035683
14, 64, 1028, 1647751801438, 1647752035683
14, 65, 1029, 1647751801438, 1647752035683
14, 66, 1030, 1647751801438, 1647752035683
14, 67, 1031, 1647751801438, 1647752035683
14, 68, 1032, 1647751801438, 1647752035683
14, 69, 1033, 1647751801438, 1647752035683
14, 70, 1034, 1647751801438, 1647752035683
14, 71, 1035, 1647751801438, 1647752035683
14, 72, 1036, 1647751801438, 1647752035683
14, 73, 1037, 1647751801438, 1647752035683
14, 74, 1038, 1647751801438, 1647752035683
14, 75, 1039, 1647751801438, 1647752035683
14, 76, 1040, 1647751801438, 1647752035683
14, 77, 1041, 1647751801438, 1647752035683
14, 78, 1042, 1647751801438, 1647752035683
14, 79, 1043, 1647751801438, 1647752035683
14, 80, 1044, 1647751801438, 1647752035684
14, 81, 1045, 1647751801438, 1647752035684
14, 82, 1046, 1647751801438, 1647752035684
14, 83, 1047, 1647751801438, 1647752035684
14, 84, 1048, 1647751801438, 1647752035684
14, 85, 1049, 1647751801438, 1647752035684
14, 86, 1050, 1647751801438, 1647752035684
14, 87, 1051, 1647751801438, 1647752035684
14, 88, 1052, 1647751801438, 1647752035684
14, 89, 1053, 1647751801438, 1647752035684
14, 90, 1054, 1647751801438, 1647752035684
14, 91, 1055, 1647751801438, 1647752035684
14, 92, 1056, 1647751801438, 1647752035684
14, 93, 1057, 1647751801438, 1647752035684
14, 94, 1058, 1647751801438, 1647752035685
14, 95, 1059, 1647751801440, 1647752035685
14, 96, 1060, 1647751801441, 1647752035685
14, 97, 1061, 1647751801441, 1647752035685
14, 98, 1062, 1647751801441, 1647752035685
14, 99, 1063, 1647751801441, 1647752035685
14, 100, 1064, 1647751801441, 1647752035685
14, 101, 1065, 1647751801441, 1647752035685
14, 102, 1066, 1647751801441, 1647752035685
14, 103, 1067, 1647751801441, 1647752035685
14, 104, 1068, 1647751801441, 1647752035685
14, 105, 1069, 1647751801441, 1647752035685
14, 106, 1070, 1647751801441, 1647752035685
14, 107, 1071, 1647751801441, 1647752035685
14, 108, 1072, 1647751801441, 1647752035685
15, 1, 1073, 1647751801468, 1647752035710
15, 2, 1074, 1647751801468, 1647752035710
15, 3, 1075, 1647751801468, 1647752035710
15, 4, 1076, 1647751801468, 1647752035710
15, 5, 1077, 1647751801468, 1647752035710
15, 6, 1078, 1647751801468, 1647752035710
15, 7, 1079, 1647751801468, 1647752035710
15, 8, 1080, 1647751801468, 1647752035710
15, 9, 1081, 1647751801468, 1647752035710
15, 10, 1082, 1647751801468, 1647752035710
15, 11, 1083, 1647751801468, 1647752035710
15, 12, 1084, 1647751801468, 1647752035710
15, 13, 1085, 1647751801468, 1647752035710
15, 14, 1086, 1647751801468, 1647752035710
15, 15, 1087, 1647751801468, 1647752035710
15, 16, 1088, 1647751801468, 1647752035710
15, 17, 1089, 1647751801468, 1647752035711
15, 18, 1090, 1647751801468, 1647752035711
15, 19, 1091, 1647751801468, 1647752035711
15, 20, 1092, 1647751801468, 1647752035711
15, 21, 1093, 1647751801468, 1647752035711
15, 22, 1094, 1647751801468, 1647752035711
15, 23, 1095, 1647751801468, 1647752035711
15, 24, 1096, 1647751801468, 1647752035711
15, 25, 1097, 1647751801468, 1647752035711
15, 26, 1098, 1647751801468, 1647752035711
15, 27, 1099, 1647751801468, 1647752035711
15, 28, 1100, 1647751801468, 1647752035711
15, 29, 1101, 1647751801468, 1647752035711
15, 30, 1102, 1647751801468, 1647752035711
15, 31, 1103, 1647751801468, 1647752035711
15, 32, 1104, 1647751801468, 1647752035711
15, 33, 1105, 1647751801468, 1647752035711
15, 34, 1106, 1647751801468, 1647752035711
15, 35, 1107, 1647751801468, 1647752035711
15, 36, 1108, 1647751801468, 1647752035711
15, 37, 1109, 1647751801468, 1647752035711
15, 38, 1110, 1647751801468, 1647752035711
15, 39, 1111, 1647751801468, 1647752035711
15, 40, 1112, 1647751801468, 1647752035711
15, 41, 1113, 1647751801468, 1647752035711
15, 42, 1114, 1647751801468, 1647752035711
15, 43, 1115, 1647751801468, 1647752035711
15, 44, 1116, 1647751801468, 1647752035711
15, 45, 1117, 1647751801468, 1647752035711
15, 46, 1118, 1647751801468, 1647752035711
15, 47, 1119, 1647751801468, 1647752035711
15, 48, 1120, 1647751801468, 1647752035711
15, 49, 1121, 1647751801468, 1647752035711
15, 50, 1122, 1647751801468, 1647752035711
15, 51, 1123, 1647751801468, 1647752035711
15, 52, 1124, 1647751801468, 1647752035711
15, 53, 1125, 1647751801468, 1647752035711
15, 54, 1126, 1647751801468, 1647752035711
15, 55, 1127, 1647751801468, 1647752035711
15, 56, 1128, 1647751801468, 1647752035711
15, 57, 1129, 1647751801468, 1647752035711
15, 58, 1130, 1647751801468, 1647752035711
15, 59, 1131, 1647751801468, 1647752035713
15, 60, 1132, 1647751801468, 1647752035713
15, 61, 1133, 1647751801468, 1647752035713
15, 62, 1134, 1647751801468, 1647752035713
15, 63, 1135, 1647751801468, 1647752035713
15, 64, 1136, 1647751801468, 1647752035713
15, 65, 1137, 1647751801468, 1647752035713
15, 66, 1138, 1647751801468, 1647752035713
15, 67, 1139, 1647751801468, 1647752035713
15, 68, 1140, 1647751801468, 1647752035713
15, 69, 1141, 1647751801468, 1647752035713
15, 70, 1142, 1647751801468, 1647752035713
15, 71, 1143, 1647751801468, 1647752035713
15, 72, 1144, 1647751801468, 1647752035713
15, 73, 1145, 1647751801468, 1647752035713
15, 74, 1146, 1647751801468, 1647752035713
15, 75, 1147, 1647751801468, 1647752035713
15, 76, 1148, 1647751801468, 1647752035713
15, 77, 1149, 1647751801468, 1647752035713
15, 78, 1150, 1647751801468, 1647752035713
15, 79, 1151, 1647751801468, 1647752035713
15, 80, 1152, 1647751801468, 1647752035713
15, 81, 1153, 1647751801468, 1647752035713
15, 82, 1154, 1647751801468, 1647752035713
15, 83, 1155, 1647751801468, 1647752035713
15, 84, 1156, 1647751801468, 1647752035713
15, 85, 1157, 1647751801468, 1647752035713
15, 86, 1158, 1647751801468, 1647752035713
15, 87, 1159, 1647751801468, 1647752035713
15, 88, 1160, 1647751801468, 1647752035713
15, 89, 1161, 1647751801468, 1647752035713
15, 90, 1162, 1647751801468, 1647752035713
15, 91, 1163, 1647751801468, 1647752035713
15, 92, 1164, 1647751801468, 1647752035713
15, 93, 1165, 1647751801468, 1647752035713
15, 94, 1166, 1647751801468, 1647752035714
15, 95, 1167, 1647751801469, 1647752035714
15, 96, 1168, 1647751801469, 1647752035714
15, 97, 1169, 1647751801469, 1647752035714
15, 98, 1170, 1647751801469, 1647752035714
15, 99, 1171, 1647751801469, 1647752035714
15, 100, 1172, 1647751801469, 1647752035714
15, 101, 1173, 1647751801469, 1647752035714
15, 102, 1174, 1647751801469, 1647752035714
15, 103, 1175, 1647751801469, 1647752035714
15, 104, 1176, 1647751801469, 1647752035714
15, 105, 1177, 1647751801469, 1647752035714
15, 106, 1178, 1647751801469, 1647752035715
15, 107, 1179, 1647751801469, 1647752035715
15, 108, 1180, 1647751801469, 1647752035715
15, 109, 1181, 1647751801469, 1647752035715
16, 1, 1182, 1647751801498, 1647752035741
16, 2, 1183, 1647751801498, 1647752035741
16, 3, 1184, 1647751801498, 1647752035741
16, 4, 1185, 1647751801498, 1647752035741
16, 5, 1186, 1647751801498, 1647752035741
16, 6, 1187, 1647751801498, 1647752035741
16, 7, 